lat,lng
34.018234,-118.498367
47.880344,10.040342
42.710356,-73.819109
43.68606,-93.357721
41.699048,-85.000326
59.426361,15.827083
35.486585,-120.666378
60.898649,7.210826
47.85229077,3.543402815
49.211936,9.077322
34.849109,-117.085442
47.576995,7.841158
38.249149,-112.652524
47.61573,-122.20415
60.365082,5.342678
52.50342,13.32797
45.734046,-108.604932
30.178102,120.218121
37.625618,-109.473842
33.9153838,-117.8875168
33.443011,-112.556876
34.614555,-120.188432
37.593128,-122.367306
36.070788,-79.511222
48.509771,-122.338627
33.97585,-118.382923
46.729872,-122.977392
34.0604600000,-118.4186000000
45.592227,5.899842
45.58693,4.787807
41.161085,-104.804955
41.8908330000,-87.6542180000
40.0583524,-82.9278916
29.690066,-96.537727
39.92646,-122.1984
32.068583,-96.448248
33.6774119000,-117.8798380000
40.683508,-80.108327
25.6898826000,-80.3142279000
26.0545388000,-80.1632571000
41.080103,-73.46135
41.067306,-73.504917
52.0703108000,4.3908317000
39.67888,-104.914239
44.737025,-122.152108
40.0458650000,-75.4332791000
62.073923,9.125562
59.730382,10.220252
41.660517,-71.497242
40.0500870000,-82.9151650000
44.77083,-91.43711
51.4816270000,5.4553170000
46.976918,-120.54162
52.359241,7.264215
56.93193,12.51805
36.766315,-108.144266
33.6144050000,-117.8728630000
33.5031670000,-111.9296800000
35.174151,-111.663194
38.642291,-121.18813
26.485574,-81.787149
50.1328490000,8.7658610000
37.492439,-121.944725
35.505278,-108.828094
40.9175177,-74.0769911
32.943675,-112.734081
37.02445,-121.56535
37.66976,-77.461414
39.552676,-107.340171
60.702333,8.986
39.326258,-101.725107
49.91157864,10.00140633
39.090758,-108.604325
42.460931,-123.324124
47.0370432,15.4783312
38.993577,-110.140513
41.041538,-73.671661
41.040555,-73.673445
39.605859,-77.733324
53.6683462,9.9923687
40.195539,-74.641375
30.313688,120.164602
36.254143,-120.23792
38.90042611,-99.31856264
42.1742546,-87.8161958
52.174537,11.493001
34.922962,-110.145558
22.274495,114.171429
29.7374320000,-95.4634470000
30.716158,-95.565944
30.2532099000,-81.5256754000
48.411054,10.44042
40.66319,-73.793192
31.27969,121.16766
22.306989,114.212648
51.570195,7.675267
59.381482,13.467294
40.0891852000,-75.3931463000
35.191331,-114.065592
55.682647,12.588687
43.879042,-91.188428
36.0623870000,-115.2283880000
36.165906,-115.138655
59.766259,10.257838
61.130464,10.434918
39.26937369,-103.7087172
46.052057,14.45315
55.766399,12.990671
46.832233,6.859269
34.667629,-79.002343
42.75625,-104.45267
51.370996,9.633307
58.15652,7.10296
45.7621391000,4.8449811000
41.31361465,-81.5171092
46.346553,4.850173
43.12669,-89.306896
33.9430936000,-84.5133834000
41.57833,-83.664593
43.795551,-90.059358
55.51074628,9.764323729
45.4655300000,9.1994000000
41.245823,-73.009059
41.246242,-73.010522
35.6704406000,139.7186684000
41.717337,-86.18863
43.647604,-79.687830
43.701129,-98.0445
38.573122,-109.552368
36.617115,-121.843888
39.023876,-77.144352
41.2126750000,-73.7274860000
41.310222,-122.31731
50.202872,11.776552
48.1331580000,11.5726770000
48.1461900000,11.7432000000
43.886915,-100.716887
42.3012393,-71.381778
39.678111,-111.841003
39.6635,-75.69017
43.815364,4.344721
40.508562,-88.984738
32.8688248000,-96.7737114000
41.8497614000,-87.9549746000
42.0569690000,-87.7499730000
51.626573,4.869871
37.4111630000,-122.1242540000
39.5610436,-104.8756401
39.9204100000,116.4502600000
42.518715,-87.950428
35.850587,-76.756116
29.108571,-81.034603
27.312983,-80.406683
33.660784,-114.241801
35.9059644000,-78.7469035000
56.43301468,10.05558366
44.105601,-103.212569
48.99469384,12.150694
51.947203,10.140477
38.78799,-112.085173
47.116294,-118.368328
42.243893,-88.978895
38.800537,-121.210485
39.1054008,-77.150895
35.972904,-77.846845
38.771208,-121.266149
38.87738376,-97.61871509
33.498538,-117.66309
29.827707,-97.979685
61.77824031,6.213241712
34.4336260000,-119.7454100000
37.3224530000,-121.9479540000
33.485858,-80.475763
32.135885,-81.212853
47.5931308,-122.3262856
47.6230721000,-122.3388407000
40.741185,-74.363365
39.631467,-106.070818
59.324292,10.954448
40.017517,-79.07712
44.082607,-123.037458
40.6877489,-74.3203939
49.7369,-123.1346
47.130137,10.269231
29.924286,-81.416018
42.056357,-86.456352
58.887686,5.705978
48.8270680000,9.1000240000
37.3575290000,-122.0200060000
40.7999,-73.5152
27.9500172000,-82.3543621000
34.98737,-118.946272
51.50778327,0.015614182
30.4032208000,-97.7251790000
31.448847,-83.53221
22.3744170000,114.1057500000
34.1911359000,-118.6024654000
43.7405008,-79.3217339
33.8113302,-118.3317427
40.061396,-80.6024
63.440571,10.462589
38.9179586000,-77.2217556000
58.35169,11.81156
32.8707200000,-117.2111400000
38.366645,-121.958136
34.1963208,-118.4932837
41.907367,-87.973138
59.570131,7.992551
31.582287,-97.109152
45.4491100000,-122.7817700000
42.36688,-71.203976
34.047526,-118.445593
26.7781155,-80.1091072
33.970281,-112.731503
50.816873,8.08576
47.4962891,8.6981642
38.64082,-77.29633
45.15313,-122.881254
43.63385,-95.595647
32.726686,-114.619093
51.940726,6.081793
43.7247752000,-79.4553801000
63.011511,7.975911
50.835825,4.35625
47.3265235,7.8048088
52.4781892,-1.9087075
59.7708328,10.2621389
51.507888,-0.221972
48.2725284,12.55031
43.1685194,2.9850479
50.5883964,4.307388
37.963139,-122.515392
49.1818243,10.068356
45.611941,-121.208249
34.1460088000,-118.1529974000
55.614438,12.613524
50.871231,4.464811
33.801116,-116.540061
44.478578,-88.053061
42.333974,-83.043069
39.48972,-119.795622
34.435065,-119.920236
42.956515,-71.508656
36.111238,-115.173245
26.339968,-80.078401
36.731887,-108.199882
39.324349,-120.169376
43.601718,-89.760314
44.950812,-89.663264
44.976151,-93.269278
32.786413,-96.795473
35.568983,-121.105261
37.937018,-107.81787
38.399874,-122.604426
41.893499,-87.625498
34.072883,-118.389618
47.607651,-122.339418
38.633716,-90.183986
36.089845,-115.173188
50.119909,-122.943814
34.416592,-119.641575
42.610238,-88.406031
38.955286,-119.943303
43.836747,-88.946859
43.038437,-87.91756
44.856628,-93.331366
38.689797,-75.074964
36.592387,-121.876274
33.721415,-116.326811
46.088478,-118.227154
34.054371,-118.411911
43.041929,-87.911333
35.022386,-110.696018
34.2508,-117.191926
49.287521,-123.123521
38.62995,-90.191849
36.091993,-115.17317
38.522276,-122.465968
36.101279,-115.16729
40.61588,-111.509028
33.516102,-117.757461
41.068775,-71.933361
34.421513,-119.640535
41.365163,-72.026168
38.29622,-122.283138
43.352154,-70.472727
34.02053,-117.926766
50.114138,-122.953815
36.228829,-121.764843
26.248965,-81.767941
33.8457902,-116.5444318
34.446845,-119.623718
43.60755,-89.782583
34.612955,-120.07901
26.525659,-82.191772
33.482573,-117.714637
43.87189,-121.44353
43.24501,-70.593904
34.144974,-118.370105
35.165863,-120.69005
41.39241,-70.506627
38.165257,-121.152498
33.019087,-117.205773
36.120106,-115.172665
43.038873,-87.905652
36.114311,-115.163239
39.039884,-94.591361
33.588671,-117.842165
49.123993,-125.901096
37.126463,-113.601737
57.45554462,10.04067481
50.181953,9.006662
51.9650564000,6.0037543000
26.3659040000,-80.1343440000
37.9284100000,-122.5146800000
21.3881200000,-158.0087030000
29.7227308,-95.5509927
39.9140651000,-86.1111523000
44.8786790000,-93.3997690000
33.5591910000,-117.6704540000
35.969135,-86.804301
40.7495299000,-74.0038378000
59.928377,10.85215
33.7861180000,-116.4751140000
48.9228304000,2.3153289000
45.4015183,-122.7486584
49.2829735000,-123.1219663000
59.920162,10.688231
38.6725611000,-90.3598237000
48.1574455,16.3345536
38.9023907000,-77.0269706000
41.0312752000,-73.7591855000
36.748516,-78.103517
32.8915497,-117.153424
47.3719847,8.5368064
46.958907,7.472250
52.3927644,13.5435943
59.5006239,17.926818
46.2238125,6.0521555
59.4450190000,18.0713760000
51.606331,5.005621
51.13694,4.377175
51.5111657,-0.4612202
33.619793,-111.9068416
31.9762,118.7607
30.272666,120.137659
30.2676,120.143
35.9038139,-78.747981
48.992001,4.245283
39.79977,116.517825
22.6189,114.05482
31.070008,121.428309
51.1639920000,6.8519380000
30.181405,-82.679605
52.3607810000,4.8828400000
40.544595,-74.334113
52.531375,6.157279
37.43374,-122.441248
37.78671,-122.402827
35.468748,-97.514184
39.63341,-106.52428
38.476549,-122.38888
40.716966,-74.032769
37.839448,-120.229199
36.109353,-115.175278
38.444093,-122.409261
30.259012,-97.747352
38.931037,-74.923703
40.575456,-124.264533
33.75946,-84.389174
47.614141,-122.336357
45.520192,-122.680017
41.555599,-70.620314
34.041963,-118.256607
36.152586,-86.797059
45.513619,-122.680676
39.240101,-119.94198
39.563186,-74.239133
32.312715,-110.9121
26.340876,-80.07185
36.123416,-115.170499
46.916772,-113.434551
51.504351,-0.015692
39.327438,-120.20741
47.82683,11.89809
45.023716,-74.748123
47.656578,-117.424414
47.656306,-117.423487
48.477124,-123.531203
36.597503,-121.892785
44.197094,-73.362238
41.631265,-70.594347
40.513221,-121.81233
38.688576,-122.946783
47.657247,-117.423946
43.747162,-111.111474
35.146613,-120.645444
30.651599,104.067022
55.489365,12.162954
47.726601,13.060463
35.65951,139.72853
35.425664,139.537478
35.038644,-85.19593
49.218222,6.183539
49.1950567,-123.1239313
20.679116,-156.441287
41.137742,-81.547282
49.263089,-123.137586
44.5098,-89.4071
35.466445,-83.920015
44.08071,-121.305244
33.097038,-117.283761
41.526829,-90.58126
47.672468,-116.784484
43.584571,-71.216957
36.374129,-94.207805
42.785565,-88.405655
41.896792,-87.625142
45.147765,8.990621
53.5536100000,9.9905707000
42.103321,-75.893754
24.560783,-81.806518
33.088507,-96.839327
39.103088,-84.512057
58.3279162,13.1327222
62.114848,10.616398
50.645428,8.9899167
27.940665,-82.323525
34.238115,-119.178084
33.741291,-116.215029
46.1369161,6.1243056
49.208678,2.606682
55.9453606,-3.3666667
51.420596,-0.988024
43.2011589,-71.544228
34.018311,-118.501067
39.746368,-104.998439
34.151844,-118.804643
47.732864,-122.147196
34.438204,-119.254609
45.5209868,-122.6877048
38.436068,-122.71986
29.7797741,-95.5616562
39.16093,-120.145295
33.766815,-116.45826
26.135869,-80.119945
43.589856,-110.826023
32.7675371,-96.7962415
33.9841057,-118.4507094
50.9881005,5.7805974
27.3850890000,-82.4531610000
41.5191779000,-81.4937950000
51.135213,-0.191793
32.878773,-111.681694
47.407325,0.744827
57.028956,14.014744
40.416707,-86.814045
51.506341,-0.07277
34.32753,-112.11846
39.044394,-95.760226
46.971073,8.459073
32.780654,-79.932352
40.100634,-80.661655
33.561023,-79.046193
34.03032,-118.48186
38.2567817,-85.7617756
47.250577,-122.439947
44.9803577,-93.2633657
45.7115478,-121.5526164
37.786041,-80.307948
29.422161,-98.484552
38.3935452,-122.6930142
42.350938,-71.0652645
40.6221159,-111.4909371
40.300091,-76.6896676
39.26742,-120.127504
38.9599005,-119.9445238
43.690663,-79.61702
37.64947,-118.986681
33.845377,-84.368627
36.501896,-121.9374874
32.896347,-96.962838
33.0889411,-96.8062995
33.793198,-84.285394
33.8478480000,-84.3636020000
45.496185,-73.658793
45.83626,-109.94341
45.70007,-111.06329
44.1121662,4.85175
51.5266939,-2.5998056
41.781195,-70.540289
47.003965,9.525809
30.593119,104.067362
29.608009,106.509449
30.585733,104.068603
31.974167,118.775068
28.347987,112.97953
28.112637,112.995725
41.811384,123.43661
38.87639,121.68571
22.519715,113.950088
39.907444,116.430377
26.052788,119.344358
46.914375,-114.031924
48.765484,13.046655
39.702238,-86.07959
39.240883,-120.05654
39.641904,-106.373118
39.188821,-106.821168
43.0367,-88.192208
38.504217,-122.770179
40.71387,-74.04138
35.229295,-82.335268
40.9553753,-72.1937181
33.946082,-118.3842664
38.402469,-122.361104
39.3154958,-123.799205
32.88024,-96.768568
60.884173,11.540802
68.860064,18.346626
46.2011615,6.1535129
29.140981,-82.193938
45.750012,-0.661725
39.77512,-104.794648
49.5326939,12.1348611
41.585206,-87.721114
38.4016,-75.56489
52.278996,9.35084
22.278527,114.184858
35.617642,139.776912
31.554201,120.309214
24.484878,118.173016
67.962427,15.929526
46.816236,-71.203431
43.645631,-79.390857
45.502638,-73.574251
46.768882,-71.287055
45.440769,-73.439185
45.4928052,-73.5570462
34.615371,-83.70197
44.303571,-74.330278
33.795216,-116.501511
42.7052817,-73.1906598
33.786647,-84.385533
40.804321,-74.237643
37.602645,-122.371
39.52788,-119.813754
44.5192603,-85.9906554
30.581826,114.324969
40.957479,-74.074191
39.858702,-84.277027
22.518672,114.073736
34.2000065,108.9176548
60.648437,17.120392
49.507382,8.63748
53.339515,-2.569358
34.0666534,-118.4010018
34.2512098,-111.3217987
35.576504,-121.113529
35.573683,-121.112315
29.747099,-95.450734
32.2089885,-80.6815982
66.81416,15.40154
34.225265,108.887777
-37.831997,144.995807
51.484133,-0.452109
31.091578,121.373685
63.32885,14.430388
55.067331,9.361081
62.398466,17.339038
51.864884,4.457034
51.019837,3.735755
28.514873,-81.500189
34.113584,-117.529427
22.26237,114.130487
58.227074,14.668253
54.477799,9.544758
65.834832,13.191592
23.112923,113.32822
64.464757,12.316403
51.438018,0.268845
35.610678,-115.388014
27.60089,-80.82286
59.496498,17.924318
51.286224,0.545783
44.574119,10.981157
50.685442,-3.448837
31.188299,121.375579
36.064564,120.300291
58.918156,17.367987
45.981226,-112.507161
48.2367413,14.2405725
46.496797,9.84272
34.745298,113.798207
41.722672,-72.759717
47.192149,-114.888901
33.921063,-118.330074
34.825893,-82.306952
34.101608,-118.325804
26.251464,-81.8208
33.961983,-83.375885
38.7146717,-75.0824831
37.805388,-122.423418
34.722752,-112.006265
39.641587,-106.378203
33.84892,-84.36607
25.7654138,-80.1851384
49.3247253,-119.5460569
39.528565,-119.815271
38.468316,-122.404902
33.723301,-116.329538
42.9777294,-70.9542299
43.3571986,-70.4743118
43.099621,-72.7036059
25.790823,-80.129116
33.707872,-78.861683
36.554146,-86.237929
34.863769,-111.781563
39.1866234,-106.8175696
33.504236,-111.969247
35.262552,-75.569361
39.1008925,-84.5141913
43.072782,-89.380875
33.914827,-84.355804
36.6198213,-121.9328597
30.410814,-87.683956
-33.867837,151.194627
49.378355,-121.442633
-33.817021,151.191334
51.08246,13.274088
45.412326,10.970212
46.126595,7.060944
48.64136,8.037807
-37.8860740000,145.0827990000
49.451169,11.073606
33.931316,-116.820082
37.8951539000,-122.0579117000
43.111918,-80.738804
43.769334,1.361378
53.067403,12.533227
48.638215,6.184349
33.79382,-84.39713
51.087187,9.48516
46.604164,13.869183
52.185729,-0.89127
33.986765,-118.390162
36.555642,-121.924563
36.9506523,-121.8769721
34.914902,-111.854054
32.864472,-96.541511
33.182787,-97.100066
38.490004,-122.883477
32.300906,-90.179556
35.65105,-120.741489
49.669381,-124.984495
45.890564,-123.962875
28.001879,-82.727794
35.683768,-105.938017
37.7924958,-122.4100354
30.084547,-90.446563
25.985319,-81.723936
30.3272668,-97.9254155
39.28462,-76.613671
39.480486,-106.066908
50.18841,-119.388423
43.0792267,-79.0826094
37.1100279,-113.5799972
44.186915,-72.878125
33.8454512,-84.3600387
34.1550113,-118.8250613
47.903447,-91.849141
31.734028,-95.6294049
43.359198,-79.7949
51.268369,-114.004469
47.0739523,-70.9058124
34.0963159,-118.3727563
59.423016,5.442872
48.343115,8.662612
34.091985,-118.377766
44.124163,-72.882596
33.994759,-117.891493
48.340723,-124.662924
48.3334791,-124.6593683
40.001616,-105.257982
39.05968,-94.500535
23.070509,113.31295
34.245064,117.134447
22.847557,113.452776
36.709206,116.956635
34.657031,135.226048
50.655257,-120.368307
30.199071,-93.248782
40.726668,-84.071932
32.760837,-115.532486
39.951088,116.281837
39.912154,116.275957
38.304617,116.813319
23.141028,113.375964
30.899872,103.645096
29.966773,122.316121
31.32173,120.551132
51.009594,-118.218857
32.627837,-85.445105
42.203734,-71.833059
31.837877,119.973534
31.714193,119.945534
31.150778,121.230195
29.85638,121.618555
51.576293,-0.223638
53.3052846,-2.3754453
39.748868,-89.67119
30.720702,-86.116677
38.276826,116.812668
39.497181,-119.800225
41.490692,-72.091277
44.358147,-80.545293
46.611568,-112.020013
42.352135,-71.068673
45.499921,-73.578476
40.093459,-88.237783
35.110373,-106.5677521
37.532181,-122.000213
42.4665965,-92.319229
47.6978563,-116.8086523
34.854043,-120.370813
45.5123866,-122.6756475
35.98178,-83.613345
37.0144,-111.6120004
42.241166,-83.735175
37.6828374,-97.341229
33.125037,-117.208168
33.835802,-118.349995
30.652949,-96.404484
48.844914,-123.251463
30.445186,-84.284643
38.554096,-86.620169
40.055041,-74.133937
35.149329,-120.65135
36.8086559,-119.7810627
42.838443,-72.565798
43.109066,-71.477768
34.850835,-114.624329
39.877253,-83.063448
32.833485,-83.625813
22.373647,113.561454
45.16724,1.483119
48.510794,11.581893
51.16725,-1.328024
43.11007,-71.475065
33.894227,-118.367407
37.60878,-97.33314
34.6773838,138.9719247
33.589241,130.399405
36.358093,138.590812
36.8180035,137.5815367
35.008686,135.787827
35.185483,136.8956
33.850444,132.787127
34.937444,139.126135
34.697033,135.187015
-33.8682833,151.1944216
-37.8094922,144.9702081
-38.472058,145.947645
-35.312247,149.133236
52.251899,-113.814659
40.738399,-114.058998
30.423892,-91.154637
25.063389,102.723335
51.046123,-1.341865
36.60059,-118.061916
40.179476,-118.472135
35.1403200000,-80.7187830000
41.231376,-73.052192
38.9320000000,-77.2395050000
63.325319,10.305137
44.268212,-76.502325
44.341123,-79.678975
40.836301,-115.790859
53.732774,-1.585622
38.017955,-84.420664
38.242676,-122.625023
49.1681935,-121.9537286
26.247609,-98.205917
34.439156,-119.704221
28.323712,-81.658565
33.731905,-111.852904
32.694804,-117.166215
35.625553,-120.69206
39.604825,-106.515487
46.7881955,-71.3539628
35.149106,-120.653272
48.4440229,-123.3674944
26.129147,-80.104037
35.180091,-120.735481
43.649937,-79.380191
26.193704,-80.170287
33.4658094,-117.68938
34.050187,-118.460342
48.4199482,-123.2994611
41.8868446,-88.3038036
37.792442,-122.401039
37.791596,-122.410385
33.831533,-116.545469
44.057922,-121.312053
37.088866,-113.584524
29.681564,-90.782192
37.1095483,-113.5765225
43.671853,-79.389513
39.272267,-123.789132
38.568215,-86.618299
27.711,-97.371231
38.883828,-77.030247
37.746154,-119.5743357
36.9697758,-121.9655326
37.792496,-122.39998
39.879803,-83.0455049
48.990486,-122.774447
37.3327794,-121.8892745
45.347959,-75.91811
47.23853,-122.427213
40.181715,-122.220555
37.854975,-121.2193169
25.772724,-80.185998
25.819636,-80.12259
46.7564906,-71.2937583
43.1126835,-80.7438781
37.837856,-122.479836
37.7849,-122.4043
37.14916,-84.11385
51.312784,-116.97458
31.285446,121.455614
46.13916,8.907291
43.113878,-75.206857
33.767198,-118.191987
39.186714,-106.819164
33.757998,-116.360617
30.265397,-97.746566
39.19082,-106.819492
40.57403,-122.358323
36.519392,-121.806781
44.136626,-93.254645
46.0488469,-73.0904734
49.8915172,-119.4969177
30.289625,-81.389233
42.684621,-121.973069
49.028767,-119.44274
40.961898,-85.373626
41.034321,-85.359994
44.0248506,-121.3653404
34.700941,135.51077
30.000048,120.603519
37.782622,-121.228683
42.130914,-72.621435
39.040814,-94.369265
22.370283,113.993395
22.368812,114.078097
40.958869,-117.746501
30.283018,-97.745736
50.4658502,-104.6171594
41.491377,-73.22515
38.174307,-122.451274
35.052297,-83.196938
48.783141,-122.484001
29.426547,-98.481086
35.226765,-100.24836
40.684466,-112.269008
35.34075,-80.76579
50.924425,1.80414
49.924001,7.825672
60.484345,5.375959
30.25196,-97.746725
33.735562,-117.030779
34.086515,-118.445697
33.528602,-84.743971
34.343903,-79.431386
43.2533712,-79.0682364
34.3923251,-119.5095392
49.651266,-108.412919
28.068094,-80.557665
30.1516232,-93.6375554
36.6391043,-93.2788854
36.6008432,-121.8951335
50.512216,-115.993074
37.6817053,-113.0755125
47.098792,-119.996204
49.102681,-119.546719
43.257904,-79.077199
47.708479,-116.794283
51.100208,-115.359179
50.48272,7.750214
41.220921,-95.835579
35.53859,-98.66012
34.420632,-119.702748
53.5421516,-113.5008612
38.680822,-123.429276
41.018094,-73.623659
34.178538,-118.8785878
42.544777,-83.215811
43.179969,-71.8336274
38.664182,-78.46637
46.206894,-74.596782
32.776235,-96.809281
37.875969,-119.858266
30.721805,-81.547885
48.4222022,-123.3796262
26.715327,-80.035116
36.132303,-115.157647
45.190225,-123.290702
50.1177,-122.946633
45.24115,-123.069729
49.199792,-122.912603
48.835541,-67.572325
27.930867,-82.483448
38.0435364,-120.2107225
33.901253,-118.371181
34.502584,-82.648609
34.947013,-104.647997
34.179106,-97.165632
39.977248,116.492654
53.460761,9.939778
35.646451,-117.812644
35.684656,139.761252
42.239116,-82.550227
28.31911,-98.113639
34.101297,-83.817654
32.83358,-117.143817
33.6511516,-117.990526
33.100051,-117.285039
39.6433049,-106.3882985
36.910456,-80.31744
35.449297,-120.905887
47.3471843,-123.0676404
33.7603,-116.362218
32.641745,-96.888506
38.9788384,-92.5654654
44.286279,-121.536878
34.009207,-118.492867
36.816601,-114.063987
34.427554,-93.084472
24.916295,-80.633372
34.258767,-80.604834
35.584158,-120.714971
38.407219,-122.94643
39.559625,-120.828017
38.507342,-122.428543
42.352564,-73.288507
27.960272,-82.518576
40.120546,-82.022756
40.039804,-76.28137
42.362848,-73.2818329
31.170563,121.341869
35.068595,-118.174576
51.45047,11.304389
41.70995,-112.198576
29.56255,103.445404
49.134552,-119.592654
43.057279,-73.804334
34.01765,-118.501217
25.812762,-80.122904
38.312891,-122.482471
37.503267,-122.493831
49.232488,-123.119316
40.756722,-73.97406
50.281166,-119.276536
41.970814,-87.6677516
33.848401,-84.365385
45.838361,-76.703574
38.692118,-76.175449
24.553609,-81.794764
43.724622,-72.6158105
37.651321,-118.986123
42.496212,-90.664436
38.0440242,-78.9045217
45.265905,-123.0555
40.383155,-82.2118
35.1067998,-77.04247
34.7250279,-83.4535375
40.198803,-77.19005
39.137114,-88.563468
-33.855584,151.209488
-31.43106,152.919069
-37.886676,145.081194
45.899084,-72.51942
51.290043,12.137328
35.5034205,139.488439
35.5157407,139.5685182
34.809867,135.495957
34.904647,139.875447
35.013663,136.5030552
35.1466819,139.8314615
34.3923597,133.287668
35.641516,139.715355
36.4636316,140.0863307
49.640815,6.270681
45.6049,13.928497
40.032772,116.391143
44.8338420000,-0.6752690000
32.715797,-117.161544
45.8770183,-123.9619663
30.44599,-97.868845
35.192673,-101.932979
38.599918,-122.639262
33.146664,-117.242044
33.801643,-116.529291
38.950837,-92.328797
32.0682392,-81.0925612
29.048805,-95.566459
40.75744,-111.890545
34.692831,-83.681681
38.50118,-122.462916
37.9237706,-79.2036335
44.0311193,-69.5425126
40.006896,-75.210763
33.501485,-111.924058
43.8617455,-70.1002136
39.8459468,-75.6321627
39.145162,-123.197807
38.292615,-122.287015
36.124239,-121.637041
43.685908,-114.36668
29.042152,-95.401348
42.336121,-73.2589239
43.611307,-116.2733311
38.305275,-122.283453
37.7947045,-79.4699173
42.298922,-73.292023
30.384828,-86.323939
53.02835,8.806088
36.289315,-97.325935
22.427953,114.210358
30.614086,114.262683
39.945951,116.462851
24.487974,118.182748
31.194418,121.441765
34.361731,109.180385
30.599127,119.593732
34.754132,113.76639
19.191701,110.594998
39.891145,116.467731
29.856403,106.380331
30.26734,120.08703
22.489075,113.919178
39.979717,116.34888
39.915455,116.362279
39.947492,116.419092
39.935748,116.309194
40.087159,116.301329
39.987875,116.41392
34.213897,92.44218
30.651515,104.066726
29.646351,91.106171
22.834707,113.268718
39.918404,116.456363
22.547528,114.229494
22.548905,113.880535
22.634929,114.026588
22.534685,114.02247
22.522582,114.052221
22.5392,113.952279
36.650795,117.085716
36.672134,117.131878
31.210034,121.517138
23.003579,113.12915
31.081567,121.265536
34.784894,113.681509
29.569482,106.492271
29.608289,106.508181
31.488781,92.062294
22.533228,114.054437
24.979296,102.848118
40.340328,116.055392
21.578422,111.879648
29.7046,118.336431
21.23331,110.396319
22.568703,114.251145
37.85706,95.354538
39.001735,121.613312
30.058338,118.994506
30.097799,90.528138
30.558898,114.265462
39.890813,116.478071
31.286562,121.448081
23.035975,113.191244
30.062816,103.85127
29.300692,120.084708
40.106269,94.670269
31.779606,119.974981
24.338869,113.323519
30.290756,120.145003
22.902353,113.658343
31.823927,117.232768
28.115768,121.226595
22.940783,113.68222
32.041812,118.78051
22.328875,112.230524
39.90956,116.373087
37.564056,121.232719
40.644784,117.261244
19.145983,110.57728
20.050787,110.216748
30.266769,120.142751
30.273854,120.161519
30.176617,120.105089
23.123911,113.343741
31.318319,120.714858
33.882503,115.772128
33.120265,113.73723
22.935778,113.668537
31.134513,121.581608
39.765589,98.277207
22.543476,114.114497
33.858629,113.077603
39.827438,122.301706
39.950817,116.438579
24.475979,118.097144
31.974458,118.77487
39.972879,116.294869
30.382231,114.372766
22.560199,113.137989
45.721594,126.609683
22.533613,114.059982
22.545021,114.012107
22.53587,114.059695
30.662525,104.076539
32.023745,118.785945
31.918338,120.279435
29.8071,106.3963
27.078013,120.11795
36.68241,117.125019
39.916601,116.426246
39.752997,116.506977
34.389307,113.754062
29.716117,115.998798
30.621442,121.134463
40.066653,117.459716
39.904588,116.359997
22.577933,114.479682
28.826778,104.969125
23.037371,113.777309
29.455556,106.521108
25.006158,102.709805
31.438861,120.975244
36.663428,117.024543
31.461844,121.818978
31.095266,121.20545
35.762806,116.797403
26.892116,112.554007
30.458656,114.388779
37.4433,116.3754
22.551478,114.561715
25.081785,102.757447
31.248176,121.449392
34.212066,108.966308
18.22908,109.63583
31.440219,104.756661
29.029015,119.16664
34.324827,108.9464
30.648594,104.0671
34.924294,113.514904
21.968571,100.468715
25.038047,102.700682
18.564201,110.146812
33.619369,119.126086
34.244998,117.134368
22.010905,100.820454
29.910612,121.785051
29.284669,121.415878
34.341694,108.936976
22.536034,113.998283
31.292066,121.42078
24.491671,110.395469
29.647706,106.788256
28.678035,115.887227
23.565181,113.786529
28.040724,120.627117
30.664741,104.119366
22.581291,113.393974
29.831149,121.57009
29.914001,122.407227
28.115022,113.001719
38.180085,100.247591
36.094015,120.417822
36.06328,120.381082
36.559357,100.54105
32.965034,114.637782
39.938183,119.592502
24.942799,118.601833
24.79787,113.601157
27.729307,114.798457
22.903817,113.6605
22.643481,114.748937
29.591785,103.48148
22.73927,114.281072
29.63008,91.078753
32.262098,91.685877
18.230194,109.642466
18.352529,109.740162
29.646774,91.142359
22.566261,114.539225
31.270872,121.556908
31.307389,121.512209
31.239548,121.502583
31.198964,121.584395
31.190632,121.388624
31.221712,121.424662
31.204718,121.460334
21.490512,109.134662
30.642947,104.085574
25.295851,110.307501
20.057486,110.197817
30.602527,114.283035
34.232595,108.899922
23.365741,116.747856
23.247177,116.622324
41.768385,123.435855
31.696026,119.912046
20.051768,110.215123
40.825189,111.670144
28.00058,120.684071
31.924132,120.282176
29.608508,119.038979
18.347028,109.739763
18.227963,109.633036
22.535524,114.062938
18.672292,110.355442
23.021807,113.444712
23.007934,113.340386
23.004599,113.350142
23.009224,113.341282
23.033291,113.3169
22.315702,113.593335
31.271616,121.473557
31.756967,120.937876
31.760782,120.938624
31.069923,120.362346
31.036666,120.796799
39.938447,116.454325
28.683435,115.882244
24.449978,118.079236
23.134242,113.332159
23.10442,113.09877
39.625264,118.175168
22.539667,114.110858
22.812715,108.392537
29.645482,91.141053
18.413585,109.954891
29.556808,106.58052
34.215158,108.962722
23.431996,101.691059
22.720601,114.217252
38.839018,117.454599
39.020573,117.704016
39.091041,117.213932
39.13559,117.180337
39.094481,117.202588
39.147759,117.199134
39.124728,117.198084
31.077489,121.119878
38.931268,100.459822
39.905728,116.639641
30.977186,121.769569
39.92157,116.440158
27.843754,113.16467
22.929724,113.892897
39.916288,116.411556
40.970111,115.398547
31.581972,104.346847
39.910306,116.443131
28.018755,120.667351
28.007341,120.654774
39.917812,116.359189
29.868518,121.557126
31.554213,120.310063
30.50953,114.394684
30.425307,114.647533
31.29218,118.382589
31.554468,120.309767
34.233722,108.894694
34.19799,108.888331
34.22351,108.94054
24.534925,118.141717
24.498576,118.123784
28.585166,121.372525
34.768277,113.731241
30.251773,120.05456
30.249099,120.040029
29.710848,120.260878
24.271709,116.086796
22.956195,113.496101
36.624727,101.772025
30.170294,121.248695
30.299871,120.107131
29.663721,121.412054
30.49958,120.693595
31.817152,117.233568
31.862482,117.292513
29.103571,119.653908
29.099921,119.649504
29.083845,119.649257
28.855199,121.139395
34.206119,108.963261
30.061225,119.941489
29.895317,121.831464
39.907551,116.459173
31.708737,113.38034
28.392434,121.361225
28.006651,120.664517
30.369899,113.44881
29.307952,120.074702
29.277579,120.0447
39.791032,116.509863
40.453368,115.786291
25.023994,102.643397
27.98559,120.677035
28.687363,118.237906
23.134033,113.357061
34.864703,117.574755
27.342397,103.734888
34.784761,113.681304
36.391947,94.903387
30.501365,114.37928
30.614036,114.306109
22.275741,113.513636
22.217681,113.538171
22.288641,113.575011
22.013121,113.213042
29.740039,120.194172
53.489393,-1.486223
57.6423980000,11.9952530000
48.041833,0.175342
43.102424,-76.187446
30.671556,-88.118644
22.270551,114.297729
22.3792527,114.1885949
22.323,114.171981
22.235273,114.198504
22.368929,114.120542
38.78216,-90.5329
60.2943127,5.2532399
24.725916,-81.047519
22.314188,114.21905
22.249817,114.168118
22.321275,114.166553
32.320791,-90.176512
32.8838084,-117.2449668
33.982146,-118.459493
30.395197,-97.726426
33.6718019,-78.9035179
42.404325,-86.141746
43.387736,-123.334434
39.966312,-105.784233
34.046049,-118.266185
34.046119,-118.266227
45.648162,-73.206113
49.288078,-123.117272
45.467299,-123.843014
49.3102999,-124.2655092
45.211934,-72.54092
28.595656,-81.347208
38.031934,-78.493365
30.0133,-98.10817
29.9951,-98.100622
32.847417,-117.275211
32.8419782,-83.6383323
37.269852,-107.885496
39.654916,-77.1730675
35.5587454,-121.0801186
44.80671,-106.940331
35.614854,-82.541825
38.1035619,-78.56579
33.591998,-83.860383
37.534318,-77.428758
40.187264,-76.1903
38.136964,-120.461852
36.11826,-78.903672
30.352669,-97.70974
32.7176572,-117.1669007
38.341938,-122.324832
47.610845,-122.347258
33.739751,-116.407298
41.024869,-74.739386
42.3009484,-73.2642675
47.608043,-122.334072
35.578439,-121.115586
40.034396,-92.489891
30.352052,-97.708054
35.645075,-120.688609
28.474705,-81.464334
49.321674,-124.315069
28.220655,-80.676034
26.43845,-82.077549
47.476001,-120.376514
40.717948,-74.570447
38.9946328,-74.8073284
38.8474668,-104.8645278
30.663897,-81.4606757
32.43976,-97.788643
44.0584385,-70.4256569
40.2948925,-76.6038306
40.983011,-73.687898
38.499949,-122.478679
43.486905,-88.129861
43.774591,-103.608451
37.198988,-112.989664
43.9076112,-103.4370891
29.4172627,-98.4926587
39.460496,-123.80675
30.276912,-87.55635
42.35599,-73.282639
38.783407,-77.739663
39.025626,117.70453
22.93824,112.062078
18.216934,109.616575
30.647207,104.091139
32.070496,118.769708
32.047424,118.801279
25.030136,102.724922
31.234422,121.476157
30.556894,119.872486
22.529601,113.90143
36.541022,116.802837
25.770431,113.011356
31.187878,121.395972
30.519617,104.051368
38.89658,121.588098
32.427748,105.882442
31.344172,120.414566
37.358553,120.41703
45.734948,126.593243
22.612428,110.170857
31.894723,117.32822
31.707997,119.953652
60.2697387,24.8777256
47.459205,12.385998
60.442961,22.605621
35.350443,140.134554
-37.026025,147.239341
22.300844,114.179607
29.864829,121.548225
22.532206,113.987152
27.720638,106.92083
30.344009,120.381998
39.657542,119.310578
31.159417,121.429916
31.813852,119.000151
49.769148,10.47046
61.181106,23.885075
38.983915,-119.943181
43.2568689,-79.9010344
49.028558,-119.457127
32.727033,-117.197655
33.625358,-111.923295
33.61548,-117.914397
30.594181,-81.44508
38.959887,-123.115359
40.6121611,-75.3844391
42.0528686,-70.1849905
48.116414,-123.255357
39.900887,-75.474994
38.558501,-122.542644
28.713394,-81.444838
43.76373,-103.613702
43.763451,-103.614959
38.4515068,-78.9041562
34.06794,-118.397163
45.639865,-72.968873
45.504175,-73.5624
45.524306,-73.514749
49.106358,-125.872531
32.601592,-80.092282
29.887951,-81.311223
37.7138577,-75.7473399
42.006844,-82.568494
42.506009,-70.848065
44.315744,-64.392926
38.66922,-90.615368
24.561507,-81.805544
38.016727,-78.367276
44.0187028,-73.1648974
39.316084,-123.799273
38.5954604,-122.6047026
38.518276,-122.482185
34.068876,-118.402376
39.1651113,-122.9105147
49.8375396,-119.5849371
32.874767,-117.208742
28.086314,-80.564663
40.555629,-81.24124
42.80508,-85.56541
35.59766,-120.564938
42.993454,-82.453042
39.445664,-77.705295
35.122126,-120.588927
63.466412,10.918711
45.73745,7.371416
35.901319,-84.149634
45.64655,-118.68198
33.502098,-111.951982
37.260149,-108.494074
38.488989,-122.452143
48.1149208,-123.2683981
38.584218,-122.570291
35.6132391,-121.1436427
40.765844,-73.982481
40.746847,-74.001816
40.70663,-74.016916
40.764259,-73.974972
40.755856,-73.984313
40.742407,-73.999351
40.730487,-73.993569
40.728287,-73.992746
40.721658,-74.004402
38.659382,-122.885417
27.652234,-80.355707
45.036627,-79.626528
44.643299,-90.181641
39.65525,-79.021482
39.657592,-84.15936
36.834926,-76.302028
32.178251,-111.002467
42.945065,-76.442674
42.109924,-88.296276
37.6355,-118.99
36.195272,-81.654462
38.4952778,-122.7588656
45.3487356,-117.2301099
39.518987,-82.5627
22.280593,114.176746
35.15396,-103.7226
39.224458,-84.383926
62.492126,6.606013
43.3712055,-80.9637726
34.97548,-85.3507081
39.292319,-119.657538
33.97856,-117.701131
50.1147804,-122.9577572
44.502626,-80.304949
40.773415,-73.959234
40.749255,-74.005914
49.099938,-119.563513
49.129512,-125.900247
35.494139,-106.071536
48.035938,-90.406258
35.573886,-83.093919
41.481545,-75.183188
41.137815,-73.287909
40.738733,-74.006009
38.560196,-122.448882
38.406448,-122.328279
40.234985,-111.6607
38.476196,-122.797839
40.735736,-73.988745
40.729364,-74.008513
39.102721,-123.49261
46.729364,-72.574377
38.9005107,-77.0369492
32.980407,-117.259812
41.370068,-81.85471
42.578913,-114.459822
43.971754,-77.442215
32.680535,-117.177638
35.687809,-83.86247
45.0667177,-87.1239315
42.41685,-90.426229
43.5878943,-116.3530003
43.941901,-69.718747
43.5046893,-110.8470795
38.8790229,-83.472163
38.579277,-122.577206
38.355633,-122.28608
53.369722,9.802193
37.415328,-122.076575
32.90294,-117.194181
42.968675,-78.69568
43.437399,11.777607
51.949095,13.787957
40.415938,-74.444713
29.9805,-95.42123
41.499616,-74.071324
42.914231,-85.533057
54.899885,11.89693
22.32005,114.158158
38.031111,-78.480905
38.556018,-122.499959
34.06329,-118.441191
33.665868,-117.881585
44.786747,-124.070451
43.7655,-103.601908
42.8972266,-72.5223412
46.789932,-71.355428
38.8474025,-77.0513855
44.337679,-76.146633
34.613487,-120.08196
38.06574,-78.492423
35.969588,-112.129535
31.181406,-81.349942
43.3618198,-70.4874373
44.932621,-85.63599
40.575953,-124.265579
33.90027,-118.388495
37.319736,-80.686176
44.297078,-74.010977
35.084183,-106.690044
44.000993,-79.456191
39.211757,-76.094796
35.2793994,-82.4888109
40.764748,-73.982676
40.788008,-73.971611
40.764261,-73.982974
44.213964,-69.062346
38.500368,-122.464018
38.200223,-92.634274
40.749296,-74.006017
42.199728,-122.715649
41.331856,-71.906607
40.783536,-73.949507
40.704776,-74.008276
32.390494,119.397507
50.935031,1.812951
41.998407,2.817277
44.782882,-117.812306
38.746526,-105.174984
38.750565,-105.173815
30.221297,-98.717631
43.763336,-103.616731
43.766022,-103.597891
49.595582,-119.705852
38.005444,-91.620361
42.318736,-90.393536
32.982877,-117.270151
43.64564,-79.387256
35.920625,-83.252367
33.675874,-111.967054
33.844994,-84.370185
38.000691,-87.346585
33.5666361,-111.9186835
25.668996,-80.28516
35.342588,-83.890898
25.653199,-80.328879
41.7572461,-70.495236
32.215999,-111.050273
37.162493,-80.427376
41.880154,-70.598013
44.501525,-80.310101
39.1270371,-123.7144402
43.481636,-110.766554
34.235388,-77.82831
41.467078,-70.601146
39.0708248,-78.0936848
38.9035488,-79.2661629
43.648793,-79.378011
41.857481,-80.965938
27.301358,-80.731338
39.9948422,-76.2884552
44.083061,-122.986836
38.0524297,-84.7365301
46.271443,-72.505218
43.482875,-110.762738
33.935974,-117.27492
36.210164,-94.136539
39.199222,-120.217786
41.0942381,-73.7098113
46.3348553,-124.0550737
37.705601,-112.852421
26.700225,-80.05789
41.920833,-91.494521
43.3588962,-70.4738513
29.702871,118.31356
24.868315,118.604556
45.34834,9.282206
52.363227,-1.945595
37.5447,-122.29011
40.32244,-74.4869
59.122085,9.707432
46.3820302,-75.9835311
29.275728,-94.855293
34.743791,-120.276887
45.3862407,-84.9277414
38.142564,-120.495249
37.299769,-122.115738
43.296473,-87.987773
39.396087,-80.302112
42.9797166,-78.5957239
44.438074,-68.26616
39.424961,-82.52534
42.346346,-71.084324
35.597588,-120.829814
41.264464,-73.00471
40.905323,-74.709445
35.81792,-83.501509
40.751608,-73.968726
33.484047,-79.095578
40.778221,-73.985072
43.3491695,-70.4729397
47.6270468,-122.3149606
41.283656,-72.350958
-32.776316,151.337859
-32.830887,151.320832
-38.3396453,144.311533
-32.83438,151.296241
-37.810074,144.9704774
-37.814605,144.961658
-37.818269,144.964026
-27.4677073,153.0261973
-27.470077,153.026303
-27.465924,153.028141
-37.650208,145.50327
22.304888,114.160424
22.299494,114.17928
22.2984075,114.1777405
48.956242,10.18326
43.623536,-72.3258949
44.804582,-106.956345
46.784467,-92.10232
51.737666,-1.095778
47.782546,7.388462
50.643921,10.684882
22.2989299,114.1779415
-37.366471,140.839181
43.880538,125.421998
31.171317,121.60646
28.035995,120.640254
34.6772700000,135.4999490000
42.101355,-75.913891
33.8114844,-118.138451
32.636738,-117.099984
43.175264,-79.245468
38.934939,-119.940518
40.76696,-73.983569
44.2317557,-71.7626317
49.8848744,-119.4293261
43.751467,-81.6973442
49.016449,-88.311198
33.616571,-117.890341
50.8133446,-121.3268617
45.394521,-72.70771
47.120092,-91.503289
38.74743,-105.17518
35.304266,-93.136555
37.194414,-112.99341
43.695009,-114.354334
40.3351832,-76.6681699
24.553586,-81.795731
33.8231919,-116.5504963
46.2960713,-119.4514867
45.338976,-123.129715
44.276005,-76.44422
46.485244,-64.689395
39.556658,-79.357445
44.1085714,-69.1156928
35.2208325,-97.4484911
40.118077,-88.243875
38.34591,-122.33966
36.999977,-79.889484
40.705115,-74.008089
42.3608812,-71.0560233
41.66116,-70.2799
24.57089,-81.751665
30.154319,-85.589319
36.4108594,-93.7347888
24.554263,-81.800295
39.805834,-79.550686
41.124738,-85.212139
49.080956,-122.82146
40.767743,-73.963665
40.910893,-72.455539
28.618807,-81.37366
45.115395,-123.317741
41.289031,-70.11741
39.3783892,-74.4353557
44.351871,8.565432
37.134167,-104.519352
48.754456,2.351036
41.134294,1.1683
35.461664,-97.65144
55.0078,-3.083018
55.507062,-3.694858
53.234675,13.986505
33.8635560000,-117.9907400000
30.2605620000,120.1696540000
31.2246660000,121.4808490000
30.6534040000,104.0806650000
37.702783,-121.925032
52.658124,8.169818
43.592633,-116.280653
42.70163,-74.926982
50.6782654,-120.3467246
51.044751,-114.063429
41.677874,-86.251347
44.873694,-77.651031
41.278752,-70.093095
43.069577,-70.779154
46.01272,-118.370401
46.016223,-118.38607
41.472154,-75.172537
37.5220717,-122.5135405
39.262711,-123.783953
48.351984,-123.545628
38.579553,-122.578636
49.503291,-119.595049
40.693435,-77.100574
-26.792442,153.130415
51.871619,0.193886
29.301123,120.084763
44.835346,-0.681374
48.457062,10.030968
50.583875,3.088602
51.0520714000,13.7365045000
42.241125,-83.766522
51.440431,6.610193
33.70275,-117.934297
35.6410124,-120.6872712
47.313799,-122.301009
44.283968,-73.983714
31.49365,-97.160484
46.16727,-62.6445622
49.6898679,-83.6673567
49.164643,-119.593912
45.778604,-74.015872
49.5665951,-119.663823
33.516564,-117.015879
44.596426,-75.14905
49.2884189,-123.1221991
33.94584,-118.381748
43.3591609,-70.4747064
29.75713,-95.369525
43.153391,-79.40139
48.4233571,-123.3766224
43.714566,-79.724928
50.708029,-113.947349
26.156545,-81.808505
49.4400503,-119.5745703
37.336027,-119.64585
45.297754,-79.857544
49.2988784,-121.7849185
36.104778,-79.50363
41.2831762,-75.3414059
29.425396,-98.488039
33.52938,-117.771459
40.458457,-106.804763
44.994413,-122.791574
49.2123822,-119.7916322
29.9075536,-90.1605889
45.941759,-66.672783
45.047637,-73.609994
36.1062236,-115.1745805
38.3598318,-122.2906388
38.172739,-75.396266
39.755936,-105.222952
26.128385,-80.104369
47.364064,-68.331158
40.7615893,-73.9752106
49.283791,-123.120989
37.6801208,-113.0623471
39.27552,-120.121176
31.093146,-97.720897
39.300258,-123.791342
44.040991,-71.121649
43.379288,-70.548476
40.762855,-73.977795
37.6499,-118.985167
49.274642,-123.122561
49.032782,-119.463121
43.0838938,-79.081269
35.635866,-120.607745
31.0778128,-97.6561128
31.087196,-97.7161209
39.00496,-78.337848
52.308911,13.444626
-33.448123,151.445305
-28.5397768,153.5522429
-37.825511,144.957692
-38.394317,144.994243
-32.741298,151.325942
46.198035,-119.162687
35.108486,-106.612804
35.6423898,-120.6876664
34.072382,-118.395128
37.20855,-93.227429
43.6587158,-79.3830855
48.4220074,-123.364496
42.3032023,-73.2528029
31.0863846,-97.7145113
34.099893,-118.325744
25.77391,-80.132379
34.062301,-118.290127
34.042799,-118.262703
33.614035,-111.892418
34.710116,-76.632036
40.964868,-85.372749
29.731465,-84.987907
46.343075,-72.545348
35.662822,-81.223768
26.101322,-80.120562
43.496496,-88.545085
41.498136,-81.707145
48.859162,-123.5014062
35.578571,-120.739736
49.244948,-119.55408
49.765502,-97.153375
52.262275,-113.810592
48.431438,-114.341734
43.6221114,-89.7950775
45.575391,-70.87966
26.398535,-81.837357
37.887169,-79.164274
36.802211,-76.190142
43.607687,-84.712949
46.850101,-96.882175
41.3103108,-71.8534852
47.435815,-70.505087
42.9810318,-70.9461109
41.330512,-71.750423
40.763279,-73.98086
40.781547,-73.980475
41.788976,-76.455753
38.966973,-123.114044
32.478487,-111.089833
28.350346,-80.606105
28.349843,-80.607517
40.74979,-74.005335
46.291713,-72.537628
40.779211,-73.960949
44.606461,-86.22303
35.050994,-83.197429
40.6621927,-111.5133249
51.0461809,-114.062747
36.118897,-111.227851
44.579082,-76.317762
44.205554,-69.07028
49.1227778,-119.5808894
34.545913,-112.466926
43.4866257,-80.5276539
52.31092,4.936197
50.934371,11.289436
38.95778,-92.25275
22.279831,114.179712
22.297714,114.174653
22.318894,113.93422
-42.811195,147.261552
-27.470107,153.023998
35.622048,-105.205417
24.6651014,-81.387051
36.119675,-80.289502
48.36737,-116.623211
37.326493,-119.660074
45.610608,-74.595742
45.26939,-123.022485
33.691208,-117.893609
35.1936737,-111.6225943
30.5642077,-96.2665727
41.27475,-72.812976
46.1300306,-64.8781548
48.41166,-71.053976
31.3959245,-103.5053541
30.332426,-87.138416
30.334642,-87.138058
30.257849,-87.6306
30.268241,-87.589209
34.0817921,-118.4133993
32.807264,-117.21805
36.743791,-111.753641
35.809438,-83.576405
50.725494,-113.974947
30.26494,-87.603084
33.4577232,-117.6706401
47.037367,-70.456077
30.423521,-91.131682
46.855618,-71.186048
45.105835,-79.646537
49.5063804,-98.0046451
37.443601,-122.161516
35.662696,-120.668302
-34.755597,149.720984
31.242218,121.504775
23.42132,116.716884
41.240311,121.991402
34.65285,112.406133
55.5646090000,12.9733810000
40.226408,-74.093572
44.685971,10.851913
30.510908,-84.247841
44.292984,-105.526325
-36.12386,146.889963
-36.742895,145.591349
44.989707,14.89947
46.892094,7.542931
39.0407560000,-94.5920299000
41.0262417,-73.6281964
-33.869059,151.208853
-36.079534,146.912326
29.649515,-95.268602
30.344722,-95.410195
53.423522,-113.488681
35.152539,-120.660449
51.0644199,-113.9856229
27.692637,-81.934157
46.257563,-79.388172
39.14694,-123.197442
34.071474,-106.892579
37.049001,-94.480846
39.516978,-119.888626
44.128924,-65.739486
44.374817,-121.641265
56.2317448,-120.834124
34.052495,-118.255408
33.986065,-117.372628
45.121776,-73.068508
49.893411,-97.138906
37.213487,-108.071904
44.056523,-71.626543
33.947903,-116.48687
33.847895,-84.366215
47.4373126,-122.2876227
41.0586001,-124.1427538
43.670651,-79.39394
38.705497,-122.960132
26.189078,-98.205367
47.3183909,-122.5853265
30.185477,-85.821563
36.644403,-93.220609
43.241385,-79.097517
49.244845,-119.52537
43.217429,-79.061431
34.036533,-118.079876
51.1505,-113.999876
30.446294,-84.280133
44.275104,-121.262465
27.6281711,-97.2232362
44.013673,-77.289064
40.71949,-73.963312
50.7681406,-103.7978934
44.655735,-111.100101
52.4612011,-113.7541265
42.867509,-122.167297
37.2129649,-93.37103
49.1917643,-123.1209056
49.097454,-117.71106
44.11511,-71.355553
42.03649,-94.381744
40.77438,-73.963157
46.092016,-118.271808
30.32009,-86.138199
39.293019,-76.615604
39.168901,-86.529371
45.595963,-73.577292
33.297778,-111.892322
36.067842,-79.502316
51.096752,1.121336
43.74975,-87.74694
54.092811,13.085489
48.196679,14.526705
53.430511,-2.179501
23.1212100000,113.3044700000
61.005893,14.543578
39.600831,-110.831666
36.860525,-76.207467
50.059472,8.346059
38.696385,-119.548525
46.378836,-94.256378
46.009797,-92.93137
39.321865,-120.1621
37.3894309,-122.0920614
44.021778,-77.90676
27.6558,-80.356749
30.269491,-97.742266
35.82945,-78.76476
39.220443,-121.062682
40.557834,-90.035403
46.487565,-72.959026
46.462817,-73.142862
52.886147,-118.057083
32.938489,-117.197766
45.12097,-67.076629
43.179251,-79.253347
43.086613,-79.081742
22.300929,114.172092
22.3821493,114.196828
-36.761874,144.27746
-26.684003,153.125567
-38.347017,141.605466
-26.6839381,153.1240462
42.597887,-114.455249
59.3727005000,18.0002317000
43.83641978,-66.12223537
48.0325,-66.705124
45.458238,-75.643775
49.0449413,-118.2065915
49.0159475,-119.4906618
45.96306,-73.709999
43.832547,-79.592936
49.4598041,-120.5070548
49.089364,-118.677421
49.095878,-116.514887
49.0946109,-116.5114286
49.5773585,-119.5765755
49.8060155,-119.500624
49.01781,-119.436865
43.758632,-79.470124
44.015025,-76.972565
49.1797347,-119.5387467
54.063274,-128.668624
45.157006,-71.800846
43.836483,-66.118878
46.272605,-72.506015
51.164339,-115.561843
46.074389,-71.933685
53.91364,-122.750548
49.2917388,-123.135607
45.601574,-77.373042
40.074369,-75.202958
41.9745,-87.862956
32.4923672,-92.0561444
33.708309,-117.953806
47.659917,-117.417273
32.870556,-117.225331
33.18006,-97.111717
38.677497,-108.979798
47.767473,-120.653187
47.607592,-122.189582
33.610142,-117.729803
27.332824,-82.576708
33.62027,-117.875355
38.9021295,-77.0361522
25.799489,-80.126829
43.355383,-70.479345
40.742721,-74.366457
33.65447,-117.626781
33.475028,-82.0101
36.845576,-75.983128
30.9225,-97.4997096
25.730105,-80.237815
38.625421,-90.191492
34.789977,-111.764587
47.610166,-122.335179
34.789847,-111.764
35.685123,-105.937455
44.474261,-70.855942
33.790277,-117.890929
24.571422,-81.754261
39.7248144,-121.8056562
34.241831,-84.770259
32.782707,-79.933428
33.799164,-117.918298
38.811718,-104.723183
33.424609,-112.021664
31.796906,-106.375744
42.333936,-90.396753
33.684154,-112.081904
40.8043,-124.1595855
41.370992,-73.491095
37.207119,-93.291212
38.577291,-122.876575
47.511304,-116.870557
55.955221,-3.191099
42.145542,-75.902081
47.554089,7.592187
51.2270704000,6.7789101000
23.116795,113.145866
45.402786,-122.294371
33.231373,-97.166412
44.46286,-73.179308
51.438598,0.26944
35.189016,-101.931467
22.337555,114.174162
52.994202,-2.290657
31.855989,-86.635765
58.827659,7.796338
21.2904632000,-157.8437300000
47.524843,7.682486
30.790734,-81.663625
53.507179,11.097035
33.67398,-117.882377
51.407268,5.479937
-35.002106,148.109934
47.663559,-117.412422
31.294609,-81.344733
28.427575,-81.468613
36.410313,-93.734754
38.925974,-77.216181
30.546511,-98.360596
32.083486,-81.085183
42.6640025,-77.0559961
51.0446034,-114.0629409
34.068903,-118.402524
41.981019,-87.85953
50.703235,-119.267777
33.776049,-118.072221
45.950147,-74.14673
45.516233,-73.630112
33.509287,-111.988706
45.187538,-73.407642
49.0115069,-118.7857916
49.055961,-118.996879
45.49682,-73.573009
47.611844,-122.193618
41.472262,-75.171428
48.455655,-68.52332
48.406196,-71.056448
50.217648,-66.380342
46.344292,-72.540999
39.1844849,-106.81437
39.63943,-106.368139
29.010826,-95.41154
29.01086,-95.411242
51.140583,-114.026181
40.913199,-74.390008
38.484983,-122.44736
38.230988,-122.612703
38.895083,-77.011283
31.539518,-110.256469
32.39623,-99.764642
43.970278,-77.470055
47.768469,-69.609635
33.767361,-78.778418
33.769328,-78.774974
33.479143,-81.968019
40.127553,-75.407263
32.321426,-110.926987
37.81664,-84.740626
40.13029,-75.450725
31.722612,-110.074365
30.26197,-97.742421
33.51357,-117.748042
38.389613,-75.064479
30.684476,-88.073928
32.1424227,-80.7627025
28.335854,-81.480673
35.038494,-106.618818
43.713952,-87.759414
35.846885,-79.041415
25.888532,-80.125577
36.157123,-115.335113
35.949499,-78.995446
45.4747481,-98.5090549
39.971151,-83.002496
29.473686,-81.124128
40.050521,-82.912239
45.592781,-73.787516
36.969007,-86.431424
39.2687177,-76.2025573
26.281927,-81.800268
39.182261,-78.510871
42.4188789,-90.4259596
30.633489,-96.323218
29.966348,-98.90732
39.697031,-79.1416
31.441441,-109.918226
40.719869,-74.007447
40.763488,-73.961323
40.729234,-73.999013
40.773225,-73.952643
40.753079,-73.968032
40.776461,-73.944363
40.771794,-73.955624
40.744244,-73.984116
40.762189,-73.999714
53.540495,-113.489949
26.848315,-80.091046
33.991767,-84.351229
37.810487,-121.991211
34.417055,-119.676584
42.548345,-88.576531
22.2805028,114.1715185
22.2793785,114.1869236
22.3299408,114.1929772
-32.720737,152.142983
31.828564,117.231262
28.720737,115.794675
39.971222,119.549828
24.762329,113.545654
22.55954,113.456535
45.798446,126.504663
50.9951926000,-114.0742866000
36.655908,114.563616
22.5330130000,113.9304760000
22.27704,114.164391
47.282708,-1.549982
43.5127868,5.4212674
19.361311,-99.2736
44.347885,-69.786042
53.104089,9.981917
50.796377,6.780047
53.618265,10.239104
39.9091680000,116.4800600000
52.4124038,-1.7815766
47.3948,10.887553
33.078426,107.049622
51.51381,-0.153357
31.919376,120.952042
35.531428,-82.604495
37.796979,-79.419007
43.510637,5.456429
49.459823,7.821513
41.045431,-75.312237
43.4795463,5.3657463
60.584991,9.984288
47.017089,4.836543
61.111599,25.928814
47.792192,12.989277
32.424892,105.879715
-34.940794,138.641702
-34.4664,137.632112
-41.217999,146.413378
-33.780806,151.13381
-33.310939,151.522813
-27.593771,153.229448
30.27634,-98.402635
38.465049,-120.04042
38.862637,-77.060346
41.091467,-73.452859
44.28602,-69.368269
41.2834516,-80.4283713
39.8239074,-77.9016381
38.468937,-122.850563
43.6579975,-70.2501711
42.277118,-121.885015
38.910623,-77.045745
43.134025,-70.638056
45.431396,-71.867768
43.1671505,-73.0687762
43.64301,-79.381043
39.523305,-119.780968
44.085145,-123.043158
49.193354,-117.279058
43.252444,-81.150515
43.172567,-72.609107
38.790636,-120.888201
38.746365,-105.178111
43.054447,-108.380793
42.172326,-72.579451
35.786773,-78.663311
33.930574,-118.400744
38.804411,-77.044697
38.913322,-77.039525
36.168972,-115.151857
38.804636,-77.049262
44.146888,-71.182049
24.571365,-81.755211
40.947176,-72.579589
36.003871,-78.91213
35.569905,-120.741587
38.904958,-77.031772
37.785523,-122.428919
41.666913,-73.955206
35.091527,-106.660941
42.348958,-71.064651
33.51505,-84.429233
39.623703,-106.541101
45.053883,-70.308763
29.724498,-95.39029
42.9730504,-71.9827878
33.700929,-84.099336
24.916252,-80.638379
47.63666,-117.477532
45.521879,-122.674024
38.896373,-77.010017
41.889755,-87.618659
46.568566,-72.210311
34.0257921,-118.4571468
37.321772,-122.031361
37.136222,-93.251613
37.136514,-93.25634
38.96084,-119.949216
41.338916,-74.323495
30.288874,-81.401296
38.8982215,-99.3147538
30.248256,-81.537978
38.903543,-77.024973
38.710569,-78.161097
38.901964,-77.019837
47.278873,-70.609794
45.6856217,-121.9052444
38.579938,-122.513364
35.642388,-80.484833
39.199064,-119.777042
43.756027,-88.476599
39.464522,-119.784851
38.908258,-77.036037
27.292711,-80.750696
43.157636,-79.49196
32.888356,-96.48067
43.01624,-88.014666
25.806955,-80.26154
40.746565,-73.971591
39.270393,-84.373524
34.864664,-111.799165
42.465536,-92.319658
40.905693,-72.362142
51.417506,-116.215424
48.0396068,-122.4061314
27.80259,-97.453946
38.806049,-77.056808
38.813023,-77.043613
43.971602,-78.285397
26.108605,-80.252444
44.918953,4.878081
54.88762,-1.557413
44.28254,-85.40306
49.885799,-119.429277
36.588867,109.468124
45.884158,13.344976
28.766853,-96.978988
36.945693,-81.054651
38.211962,-85.67319
38.837573,-104.824889
35.66818,139.74044
35.3835531,139.2761383
63.716298,25.920103
62.516741,25.6913
48.627366,19.103482
39.1481,-123.208604
39.685291,141.127986
38.342928,140.837815
58.820408,9.074264
37.644519,-118.965499
40.588118,-75.560089
42.895248,-70.869299
42.1774601,-70.9087745
36.835455,-119.91058
35.400105,-119.397796
60.872558,10.9465567
31.242916,121.575329
22.375238,114.1125137
-34.841831,148.912575
-32.548361,149.631433
-30.555325,151.682654
-34.178805,140.77932
33.120928,-117.216082
38.7747706,-119.9029911
36.50131,-121.75365
42.939592,-72.849029
41.046223,-73.56724
48.477487,-120.25638
45.272167,-123.016364
48.754197,-122.496675
38.919414,-119.996447
46.0890194,-118.2782343
37.242766,-93.261292
49.951717,-119.388814
38.548889,-122.807771
40.743971,-73.971882
50.671634,-120.354883
38.610448,-122.871408
38.340537,-122.50572
33.66535,-117.881234
43.5670888,-70.2277526
41.024964,-76.426632
47.636469,-90.70809
48.36778,-114.333139
37.786079,-122.4104325
32.853915,-117.258396
32.854614,-117.257992
45.283183,-111.400487
30.332929,-87.137378
35.23576,-82.730093
34.864598,-111.812758
47.671225,-122.122192
38.713727,-78.159574
40.696848,-73.983071
26.101495,-80.114496
45.409725,-122.719951
40.578614,-124.15297
24.569042,-81.752669
40.778412,-73.988294
40.774511,-73.952039
40.793877,-73.967498
40.775968,-73.947846
37.78679,-122.430143
45.469311,-84.934044
35.574613,-120.689693
44.387125,-68.205776
37.241026,-93.262729
30.408205,-97.666596
37.177913,-93.277732
40.5727852,-81.8687799
52.889442,-118.077288
50.448075,-104.605546
39.475511,-106.050167
37.7918779,-122.4071784
45.8899,-123.962171
45.890952,-123.962132
35.909583,-79.054686
38.9007011,-77.0316487
47.03909,-122.882327
39.423515,-119.739984
46.768891,-71.3251
43.252941,-79.070499
49.6011203,-119.6533166
49.190913,-123.140723
41.696794,-73.203389
32.144581,-80.751565
40.770292,-73.967735
41.9699162,-73.9905466
26.688488,-80.090259
37.664451,-76.432381
44.746585,-85.540394
40.714932,-74.366529
33.839773,-84.383023
34.871496,-83.396552
44.529851,-72.781125
41.1297,-81.654725
41.241904,-81.351722
38.909852,-77.047399
43.42914,-80.436691
50.70806,-119.25804
35.19562,-79.473736
36.6622445,-93.2553135
30.7591544,-98.2396823
40.349131,-74.665479
44.152655,-68.441122
37.438194,-122.322541
35.579832,-120.718979
35.575977,-120.69072
29.738161,-95.467246
44.136201,-72.894005
35.627343,-120.685824
34.076247,-118.374499
32.792269,-96.803141
39.241628,-77.979896
38.8957743,-104.8626926
40.772712,-73.947045
46.212576,-74.588105
37.543816,-77.444942
30.646748,-96.302227
35.188303,-111.666914
39.8423436,-77.2618187
45.16298,-84.931622
30.479799,-97.686671
28.552678,-80.854133
33.548783,-111.915822
45.796214,-89.170408
40.513465,-74.251418
36.599754,-121.894638
32.915716,-96.896088
47.622544,-122.333913
37.542205,-77.437577
27.853747,-97.629734
46.751382,-121.937189
27.803051,-97.45418
34.135003,-109.948985
41.55949,-93.791183
37.952106,-120.423294
40.0346915,-75.5796284
41.225321,-75.868909
42.235271,-85.560592
36.047312,-115.171226
49.282416,-123.112165
35.238498,-82.729392
43.3600808,-70.4734847
38.509445,-122.804181
40.775474,-73.989763
40.779338,-73.987493
40.742059,-73.992694
40.735608,-73.983111
40.775065,-73.988572
40.732085,-73.995829
40.732519,-73.995135
40.737891,-73.994058
40.767879,-73.983656
40.731257,-73.992101
40.747478,-73.98504
40.758586,-73.991341
40.71441,-74.005313
38.602511,-122.597651
45.861585,-73.7579
33.387548,-110.761249
41.497316,-81.694402
38.487603,-122.807316
46.54613,-72.749241
47.621077,-70.145253
38.857167,-104.911329
38.982522,-76.547334
36.592792,-121.894115
38.906641,-77.036861
39.860952,-75.686351
36.709813,-81.974954
43.079189,-89.389686
41.084381,-122.718455
36.5593468,-121.9209566
46.250235,-119.116144
41.29623,-72.781414
41.56213,-87.666663
45.38967,8.128911
30.266552,-89.760156
32.727899,-97.362382
45.551212,10.787586
36.913695,-116.754463
51.52317,-2.608919
45.785937,3.141488
45.56085,5.949646
53.211841,6.570186
55.388,11.3622
43.765424,-103.604607
43.76447,-103.609503
33.790958,-78.736232
39.475852,-106.053193
46.544334,-73.088283
47.624428,-70.143514
39.4861907,-106.0671615
33.805512,-117.878134
38.942422,-94.742624
39.317051,-94.910835
33.872319,-117.741279
35.55561,-120.748361
30.395505,-95.637548
33.654257,-117.627572
24.914804,-80.636171
26.01921,-80.11646
35.679719,-105.94094
41.881747,-87.620555
38.904031,-77.061463
34.070333,-117.557221
25.143577,-80.398196
25.814265,-80.339383
46.971706,-91.753125
37.546682,-77.443885
25.762349,-80.194139
47.66075,-117.414533
38.761144,-77.448449
40.092644,-88.247187
30.259547,-81.55493
33.794668,-78.742203
36.661544,-80.43188
41.373677,-71.960566
43.0571075,-73.798197
30.043046,-94.150541
41.882267,-87.624325
41.877475,-87.624245
41.882094,-87.620496
30.396394,-84.345197
37.604272,-77.518319
33.771781,-118.371064
36.849186,-75.977964
40.716966,-73.996707
30.536496,-97.693784
30.410666,-97.849318
29.741523,-95.456936
32.4328131,-80.6738761
42.062529,-80.105408
41.528819,-90.481767
26.144684,-80.324858
42.356036,-82.97394
34.263592,-114.129278
22.2787254,114.1606646
22.3677605,114.0921321
-35.299456,149.124814
-28.004566,153.37595
-38.650436,145.688516
-32.936085,117.167248
-23.352255,150.515031
-35.103026,147.368698
35.778721,140.380801
35.786276,140.369067
35.518439,139.78516
35.6925592,139.691135
35.760134,139.62793
31.959619,-98.01877
35.59795,-120.83332
24.971615,-80.557703
34.984879,-80.973734
34.093106,-118.291242
43.724818,-72.589373
31.564658,-91.396083
41.2595232,-95.9610416
35.620754,-82.542186
42.518959,-76.922161
-21.171841,149.16198
34.761032,137.323526
34.706482,135.4944527
34.889469,138.927371
34.578345,133.769448
34.994272,-78.136679
53.798181,-1.541016
40.6830819,-74.006605
43.493819,-1.452564
-31.4361,152.823582
38.441112,141.268567
22.2784863,114.1700438
22.371816,113.992463
-40.988127,145.735273
-27.494815,153.008873
40.1806182,-75.2783716
25.752037,-80.255731
45.210543,-79.791464
40.776006,-73.961627
40.78567,-73.954593
40.772742,-73.979503
40.774207,-73.96282
40.688086,-73.979234
40.689016,-73.988672
40.734939,-73.989409
44.396743,-124.086309
44.3107,-124.101946
37.488967,-121.94617
43.038263,-124.414356
41.686314,-74.176669
34.070169,-117.555636
42.357382,-71.060875
49.898718,-119.495865
47.440215,-70.469809
42.9227178,-72.8948477
39.278015,-123.790152
40.756019,-111.895151
38.521509,-120.818946
33.6601961,-117.302192
33.879042,-117.604476
35.250705,-112.195969
38.3033887,-122.3113571
39.379335,-74.427382
38.807266,-123.019525
40.448882,-79.933985
38.51513,-78.303035
37.923893,-121.656966
37.772713,-108.093936
32.361294,-86.158811
47.400629,-122.296834
40.77331,-73.952621
39.549596,-79.35123
34.622264,-87.008639
40.863079,-75.739534
27.393601,-82.547125
26.704929,-80.057026
36.5396962,-121.9085765
34.04385,-118.257712
38.598576,-121.455665
40.721801,-74.004237
40.723617,-74.010915
40.761018,-73.99878
40.762411,-73.984495
37.156578,-113.637132
43.730369,-71.57957
40.693248,-73.981744
40.692941,-74.000298
40.749073,-73.990032
42.363186,-71.128541
40.795624,-73.971961
48.788325,-122.48746
33.786281,-117.853549
32.067258,-81.094412
34.2005566,-118.4872569
42.0240608,-87.8129991
19.923808,-155.887701
46.272513,-73.869542
40.751867,-73.972873
46.178019,-119.189427
49.228695,-123.004435
45.459395,-123.969124
49.622909,-124.020729
63.442761,10.456227
40.146204,-88.259828
39.443345,-87.331737
32.274159,-90.151048
45.925088,-116.130482
46.762416,-71.216618
41.308979,-72.93288
24.552644,-81.797189
35.171801,-103.717137
38.601002,-120.676109
35.985032,-85.010353
41.482442,-120.542075
36.163688,-86.782274
36.261951,-90.9697
44.658974,-111.104934
35.784968,-78.780676
35.106758,-77.037017
44.857652,-70.380664
41.960695,-87.961703
38.336537,-75.083956
30.374867,-86.326228
30.378419,-86.325303
38.417886,-122.323317
31.048649,-94.124886
37.265168,-80.03218
46.715837,-117.166626
36.305126,-95.319671
40.085037,-76.203975
37.99188,-78.165277
45.568869,-73.442253
40.810884,-77.832797
49.770776,9.576252
46.863047,1.716028
60.227265,9.519814
60.522251,8.197152
59.04964,10.020626
45.516373,4.867359
45.889521,6.136022
43.192395,6.647701
43.485439,-1.556353
43.588406,11.105713
44.730973,-0.558557
45.437712,12.317446
45.469187,9.198647
45.489717,10.899366
45.805469,15.975906
46.636381,8.594814
46.746872,11.206811
46.777532,9.669327
48.139487,11.557592
48.859894,2.403268
50.712398,2.088399
50.846187,4.35123
51.054624,3.715143
51.209999,3.223905
52.112997,4.282058
52.361587,4.883425
56.283383,-3.75199
39.466282,-0.324696
40.422137,-3.684316
41.234847,1.804106
41.638939,-0.908457
42.131179,3.121312
43.248556,5.796432
43.551685,7.024678
44.717081,3.287288
45.43906,10.989969
45.470092,9.189372
45.509347,12.654668
45.687284,10.642702
45.788991,4.820102
45.893011,8.516766
46.220095,4.989771
46.527702,10.126172
46.992813,4.880533
47.372536,8.574303
48.414987,1.464545
48.657875,-1.999489
48.871091,2.301034
49.341434,-0.7681
49.607792,1.531708
50.966821,10.305874
51.283219,-0.776574
51.535297,-0.605029
52.966415,6.675349
54.479089,9.046933
46.092741,7.233258
47.768832,-3.281989
43.396446,-1.656717
45.775263,0.64326
46.757323,8.134835
51.564767,3.499576
51.922428,4.471589
50.848764,5.683589
52.810236,1.498429
50.459196,-4.241483
51.098375,-3.049415
54.352693,-2.912637
52.984863,-3.966485
54.437159,-3.039814
52.613105,1.737679
45.282255,11.763208
43.683665,11.193884
50.468163,-5.02977
50.469472,-5.028714
59.619841,17.711285
57.69733,11.98905
46.819344,9.265421
55.381026,10.394767
51.070971,0.041044
57.528688,-5.528182
47.329847,1.066986
60.535994,8.208308
48.025164,15.278709
53.973773,-1.492644
51.854446,-0.39796
47.65126,12.337892
52.065813,4.359372
45.923083,6.867542
53.099198,4.767078
63.38305,13.17741
58.72337,11.3491
59.37234,18.00279
58.888058,5.621403
42.647125,2.387146
55.374116,13.147143
59.650414,6.817983
41.370589,2.170855
40.406371,-3.669528
58.885452,5.604788
46.627974,13.674789
59.43466,17.78613
47.9709,16.210563
59.879554,8.738018
54.31469,8.93856
44.502336,11.344873
51.218326,6.785837
53.530711,10.340948
47.480982,8.315099
37.98975,-1.116793
54.892157,8.36763
50.644982,5.567703
46.797256,10.298954
51.40864,-0.954065
43.747114,4.795182
46.172524,8.795067
45.968691,12.135624
57.116371,8.607167
56.873424,9.395291
51.343386,12.376884
48.69143,9.193645
40.958991,-5.665737
45.67756,9.772349
49.493184,11.079764
46.483256,-1.760243
48.877146,2.297083
51.499395,-0.163234
45.001141,-1.1709
45.524044,9.037719
50.492856,5.863368
50.026987,5.373526
66.501339,25.734453
55.672981,12.548267
41.919729,12.453658
44.712115,8.824148
51.502367,-0.073739
51.516593,-0.144297
51.517933,-0.145537
61.548563,9.966266
51.221412,6.783534
47.515676,12.420368
46.268742,11.22205
43.32158,-1.980658
50.721772,-2.003477
50.855836,-1.316898
50.896945,-1.388259
51.466953,-1.206437
52.199851,0.128561
60.391803,15.383462
57.704344,11.968883
46.686187,7.857121
50.837382,12.926676
47.509999,11.695885
50.940403,6.969018
51.036076,-3.044447
41.616849,-4.411345
45.22432,7.657292
51.763688,-3.52129
51.979296,-2.171702
49.339853,-0.76886
22.2882914,114.1400876
44.801989,-85.487171
30.44086,-84.263114
38.953437,-119.763589
40.813953,-74.468894
36.47961,-118.838757
34.258126,-85.165391
43.442091,-79.701188
38.503081,-123.001955
44.973525,-70.646435
27.46664,-82.699314
35.208469,-82.233456
33.762633,-84.389629
28.371532,-81.278764
32.911856,-96.445093
45.586509,-73.234393
38.8566,-107.615
35.636418,-120.859674
45.098811,-72.810317
30.291085,-97.858717
28.878049,-82.579839
26.123149,-80.104981
51.183707,-114.453523
26.599115,-81.844739
40.690319,-89.591638
34.150335,-117.229094
35.070875,-80.842091
41.23876,-85.819659
51.036946,16.583294
46.0036778,8.9510520
38.533939,-118.62308
-27.551201,152.335097
-31.955555,115.860357
-33.932601,151.180724
-34.976839,116.730739
-26.386892,153.088307
-38.474449,145.019202
-34.655652,150.810403
-36.250116,143.873274
-33.903437,151.214947
-33.676072,150.280919
-33.950534,115.068718
-34.924119,117.79053
-35.3227216,150.4820146
-35.325056,150.476378
39.489732,-119.794179
49.5897227,6.1390134
40.277134,-76.823255
33.52421,-117.152568
32.478594,-93.75437
48.785079,9.017713
43.209697,-79.600861
42.821776,-1.579254
46.575279,11.672822
46.574463,11.671648
51.052223,13.735393
50.074807,6.045232
54.414629,-2.950827
54.14348,11.843197
47.115852,8.194909
55.014485,8.42888
50.728986,4.513693
46.871786,11.029986
51.21934,4.421742
40.578286,-124.152926
30.04398,-95.431836
38.565799,-122.556772
40.7026503,-75.20743
47.6049041,-122.3361893
35.111098,-83.099145
37.935718,-107.846759
30.6741826,-88.1292026
42.464791,-71.299337
41.602447,-87.834653
33.694745,-117.858723
39.529751,-119.814875
35.483174,-83.316004
45.294655,-123.051318
37.788655,-122.400563
41.118193,-74.114601
39.470945,-79.358778
33.782204,-116.357333
45.080767,-67.05517
44.46317,-118.709754
33.530274,-117.773811
35.802613,-83.568554
35.821495,-83.578399
28.338583,-80.607835
43.447071,-93.352168
38.187013,-119.204192
39.577573,-84.229615
32.977989,-117.255156
33.439109,-83.194766
34.9374316,-83.3831738
51.24073,-121.954668
43.80053,-79.420497
40.774541,-73.983977
40.740458,-73.989037
40.762678,-73.965447
40.786099,-73.977303
40.759127,-73.964684
40.744467,-73.990662
40.717686,-74.010613
40.747962,-73.976569
40.746851,-73.972901
40.742821,-73.980913
40.737122,-73.996119
40.704514,-74.01074
40.76139,-73.968269
40.760462,-73.964086
40.793158,-73.970319
40.766554,-73.952905
40.770601,-73.960531
38.648323,-90.331685
30.188007,-97.663024
44.4935861,-72.7394156
40.750844,-73.986188
34.021851,-84.330059
34.642534,-120.453213
33.723051,-116.32682
43.433675,-71.96988
38.348616,-122.264465
49.016953,-122.789855
40.689457,-73.978606
29.971577,-90.096655
36.732514,-119.78393
39.534434,-119.734178
38.441026,-122.38129
39.027867,-122.584476
41.589173,-74.713163
32.078708,-81.08522
53.521436,-113.627757
44.071793,-111.448201
35.643897,-120.633493
22.2973557,114.1735418
-38.002297,145.250432
-29.475341,149.845634
-27.855767,153.351458
-27.726831,153.244796
42.899615,-112.435248
44.656089,-111.099022
41.617134,-70.490466
42.372085,12.471703
22.275004,114.172345
44.90416,-79.382508
35.5707816,-120.7913841
35.799723,-105.921923
38.366495,-75.071961
38.511994,-123.193433
29.9758381,-98.0922896
33.081451,-96.81778
34.037667,-84.290277
41.09308,-80.328679
42.436394,-90.450359
47.636728,-70.151703
41.709026,-86.252235
40.8093041,-77.8352077
46.256379,-113.52226
40.521984,-105.02307
-34.921677,138.598457
-27.477072,153.020308
-27.382563,153.120354
-37.669133,144.851581
-36.50483,148.304697
43.587366,16.576462
36.893583,-89.533986
18.934819,-99.192297
38.069801,-117.232243
40.891909,-72.426995
48.534041,7.702054
42.049602,-80.086345
51.477207,-2.706308
-30.500446,115.069176
22.3361005,114.1475439
20.909562,-100.744863
19.41863,-99.156484
19.425392,-99.172428
20.697882,-103.373736
45.729538,-121.821066
45.346529,-79.131782
37.751151,-92.397359
29.8708932,-96.4644899
40.751847,-73.971348
47.814441,12.367768
31.312424,-92.446436
32.470885,-95.450473
42.556001,8.744883
43.263864,6.669508
46.495194,7.674505
52.241193,4.429914
53.563985,9.991175
49.407828,8.695266
47.923717,12.506215
43.485152,-112.05205
44.704537,-73.491829
-37.815508,144.959338
-35.842652,150.167026
-33.806295,150.902933
-33.298167,151.418455
36.596445,-87.277796
40.4066955,-120.6322662
49.458847,-120.508754
33.804677,-117.907129
37.2746767,-79.9393021
32.486795,-82.937445
44.220731,-70.500573
32.841256,-83.636497
39.297786,-102.606879
45.596163,-80.384235
22.324074,114.20381
33.514985,-82.04446
43.603659,7.011155
45.463815,9.193981
46.492154,9.903412
47.311475,11.144581
43.599471,6.991351
51.170584,6.950996
44.18375,12.422648
53.104987,9.395391
46.033286,14.025397
67.807742,24.811447
51.234142,2.917622
45.788935,6.972425
47.694217,11.753913
44.03563,-121.308473
51.57753,-0.223753
57.706509,11.969043
22.3232903,114.2042569
-35.3397,150.47273
-32.051612,150.867089
-38.76892,146.097461
-32.721249,148.190814
-33.80382455,150.867729
-26.804131,153.129398
34.138739,-118.044618
42.607282,-76.163925
19.427908,-99.167197
27.960431,-82.43529
32.537168,-117.026177
44.727501,-78.812357
24.918239,-80.631076
33.045043,-96.702983
40.26558,-75.133621
36.121137,-115.17049
39.0834,-77.475975
43.616018,13.506613
45.497657,13.528364
45.514945,13.591972
50.652631,-4.628714
54.350961,-2.870612
45.402859,9.139411
50.878292,0.064169
43.662795,7.131818
40.7209,-111.888395
39.393663,-74.562619
37.924371,-75.354259
36.150445,-86.79679
36.135234,-81.677183
19.38636,-99.252952
19.436687,-99.08229
36.611201,-78.929852
-42.143431,146.490744
57.58666,9.97738
46.517065,7.313302
46.736712,12.285641
52.048317,4.350055
51.38258,0.478702
45.447653,9.030394
60.351906,25.62466
39.547341,2.596375
38.344504,-0.482544
41.824636,3.077119
40.02943,116.334763
59.9071871,10.497606
46.958907,7.47225
58.177765,8.136812
51.00868,3.632419
46.501420,11.252754
40.7964690000,-73.6704650000
44.224504,-69.051752
41.00035,-72.301059
39.567662,-104.867708
30.39567,-86.595344
34.716518,-76.662908
19.427433,-99.195326
41.78382,-80.857544
41.979457,-91.667963
44.897565,-85.988658
34.432752,-84.177105
36.119923,-81.665099
22.3011139,114.175939
22.29707,114.177063
22.3344754,114.1114155
22.2625098,114.1335355
-36.759099,144.27639
-33.727961,150.300861
-38.188942,146.565812
-27.901047,153.402116
-32.929119,151.784941
-29.869011,153.265957
48.253507,4.056419
56.2122,10.01566
61.209122,6.538135
49.254652,4.026053
45.07241,13.636564
41.387161,2.196535
41.105906,-2.604201
52.880449,6.021003
50.829185,4.357948
55.684288,9.7601
43.701976,7.328267
50.693404,-4.657036
42.511366,-2.617919
51.678578,-4.127873
45.661121,13.099916
37.138707,-3.569028
50.351933,-4.512193
48.001659,11.350156
59.443892,8.011441
47.2461,12.113905
59.939389,10.829524
59.118923,11.386441
48.194421,16.367911
46.497499,9.840608
47.737229,8.955056
45.99256,8.944115
48.756047,8.240205
42.886783,10.786242
47.553462,7.658255
43.478265,-1.564745
50.84661,7.062908
47.304377,15.864658
56.165258,15.586073
53.531187,10.333932
54.890943,9.548592
42.819576,-1.623535
36.836896,-2.618703
51.349332,3.279448
52.38641,0.664606
40.753019,0.606421
39.90871,116.48053
36.572115,138.200325
41.92928,-83.352932
45.1842732,-109.2493954
29.602679,-98.62229
40.775374,-73.989687
40.775374,-73.989687
40.78859,-73.97118
16.815069,-99.861205
40.77373,-73.989713
46.523121,-72.750343
48.72394,-3.97159
63.290525,28.041829
47.147118,9.523627
47.66689,12.481721
46.20897,6.14983
48.828861,2.116297
46.125552,3.417445
48.444537,1.480839
44.407242,8.924711
43.62883,7.041998
48.330909,-4.770647
55.31994,10.81034
48.772755,7.73464
-37.813111,144.955756
-28.870945,153.563157
-35.708869,150.178792
22.287648,114.212233
43.442649,-71.589209
48.617286,-113.878909
37.792826,-122.397675
37.857507,-122.24184
44.244779,-68.298944
38.569894,-122.514784
39.160418,-123.209629
41.667789,-74.105714
43.079349,-73.790155
20.653138,-103.389201
37.220969,-121.977106
38.5283957,-122.4977783
40.843556,-73.53245
19.365868,-99.557462
36.841355,-75.972945
40.217788,-80.201721
19.435233,-99.202104
22.303112,114.160544
60.975662,24.559247
36.720374,-4.424965
43.612969,3.884764
47.98365,3.385155
55.97534,10.14683
-36.861622,147.277128
-28.206431,152.043083
-18.947488,146.279516
-34.447058,150.46102
-33.871257,151.206304
-25.920908,153.000844
34.840437,137.748006
39.542965,-0.451521
47.264861,11.428453
34.470686,-114.348228
32.797021,-117.256456
33.124952,-117.207924
42.348627,-71.077525
44.288582,-71.22449
38.137793,-120.464116
39.640059,-106.371498
41.228181,-75.238315
34.595994,-120.146223
52.889442,-118.077288
34.160417,-99.311336
38.46755,-122.348857
36.020739,-115.090273
26.606256,-81.813186
39.277094,-123.791563
33.525356,-117.064352
35.575848,-120.690237
43.377718,-124.216703
38.2930642,-122.2844017
30.6703006,-81.4586331
39.715041,-86.298147
30.104326,-95.429301
29.748067,-95.386061
35.576878,-120.792808
35.654981,-120.900694
25.898871,-80.123358
38.924225,-77.2235
33.878933,-117.60352
33.789539,-117.891337
35.654935,-120.889991
44.066457,-121.308301
44.0422,-121.331199
42.320144,-71.048123
39.749998,-104.991988
49.09594,-119.713563
47.027278,-122.912415
38.300246,-122.404857
32.716655,-117.163677
42.441678,-76.49534
40.443113,-80.160004
35.581241,-120.796249
38.272406,-122.662407
38.189017,-121.179699
27.696245,-97.349457
27.71813,-97.392836
39.626647,-104.896197
36.860532,-76.299693
28.524415,-80.681485
46.146722,-70.905868
29.684177,-95.422822
40.741248,-73.609369
38.455324,-122.365144
38.489023,-122.450566
30.177951,-95.452684
34.062404,-117.196918
37.254924,-81.217121
40.454172,-79.954741
40.424493,-80.041625
30.105139,-95.429779
44.249242,-76.403593
35.589594,-120.715827
40.731887,-73.991906
30.398309,-97.719381
33.720792,-116.330965
40.762568,-73.982718
29.26467,-82.146961
34.172565,-97.16145
32.775408,-117.238673
29.327509,-96.119565
43.979571,-75.946973
40.80155,-73.948499
25.928556,-81.728982
42.3527843,-71.0630991
37.792826,-122.397675
34.069888,-118.376637
45.172529,-67.164788
47.254252,-123.197171
19.434246,-99.212761
38.308931,-122.246385
40.734412,-74.007184
40.758519,-73.961272
40.797771,-73.96142
38.908429,-77.033132
38.92336,-77.072855
32.11059,-116.551917
35.443635,-83.938445
31.267571,-92.458036
-33.715509,150.851884
-43.360907,147.328518
53.058133,6.091141
47.391234,12.636184
52.357784,4.856549
50.227369,5.346132
44.819485,20.456304
48.871642,2.314623
43.548836,7.122562
46.669114,11.161786
42.800144,10.268065
45.463992,9.1757
45.988756,9.260919
46.503345,11.369515
52.519711,13.390212
44.445334,4.367047
48.965345,2.672762
43.751843,7.444755
51.535351,-3.577637
51.676896,5.332564
47.3945,10.887654
57.590651,10.188783
48.197905,-1.723015
54.790727,11.852076
43.492249,16.537524
44.28475,12.349918
44.28474,12.349947
46.533,12.146829
48.041622,0.302765
47.151267,13.509877
52.053384,1.036673
43.771451,11.234481
46.831243,12.771721
52.12404,5.246345
44.970602,-93.278264
-32.9207508,151.7155217
-37.719978,144.892935
36.476715,-5.053016
22.28679,114.152784
22.31938,113.94387
34.003248,-117.829644
36.212449,-86.696838
32.039463,-116.654213
33.888289,-117.516795
42.188561,-122.697062
27.973112,-82.828909
19.421264,-99.287257
36.020098,139.321859
43.9962,11.331555
49.275133,-0.249143
51.70923,0.50793
49.104203,3.981241
45.564715,5.919223
44.572198,14.900164
45.582345,5.307523
44.81457,-0.504041
47.12711,10.263613
45.830327,6.596875
52.266109,7.965902
47.4259,13.906865
50.169721,8.428999
44.645517,-1.25453
43.156487,6.477368
43.960814,4.874059
42.657462,11.514254
61.130316,9.082111
47.919094,4.737496
53.815327,10.617823
41.918669,12.484861
45.065868,7.689454
46.429043,11.543531
41.903114,12.5016
51.438898,5.482512
47.758981,6.125781
51.613644,-3.94421
60.25065,6.138798
53.790416,-1.530348
41.388003,2.173182
54.577291,13.627923
51.770056,-0.629643
51.064152,-0.835497
45.775711,10.818419
50.411985,-5.120182
51.947716,4.436052
50.472612,4.474247
49.286776,-0.129613
43.934694,5.362722
46.150656,8.773326
50.522124,1.591463
45.928141,4.735882
48.194043,16.389112
43.731909,4.801986
41.689476,2.818164
44.32559,9.215243
46.355777,10.690791
43.550812,7.020081
45.796302,8.416464
47.052497,10.651519
51.150481,4.432806
46.622582,9.181325
43.096801,-0.053535
44.542362,6.478733
52.503688,13.380487
63.299208,9.844865
43.237162,11.480266
49.184813,-0.356198
34.408546,-119.693617
35.142409,-90.051998
45.185778,-109.246821
25.66618,-100.313728
32.839168,-116.777635
31.865713,-116.662485
30.376409,-89.449415
28.367597,-80.603205
38.430132,-122.337083
48.199365,-114.315273
41.385216,-73.916711
38.5776272,-121.4907685
41.52264,-87.426878
19.214982,-100.158805
37.347818,-77.34417
45.109832,-72.856095
19.163355,-100.123542
32.785831,-96.801945
26.314679,-80.075993
34.271569,134.664471
22.1470387,113.5598477
39.907506,116.456831
37.468433,121.432641
39.991335,116.202699
33.077361,107.04995
27.811929,102.28998
22.977484,113.352992
31.245385,121.493167
31.548386,121.174758
37.460855,121.473676
26.925997,100.206288
31.22136,120.456909
27.297273,105.304331
30.874497,104.391783
37.898385,112.597096
31.184486,121.69957
28.654289,115.921315
31.213312,120.411676
39.971392,116.447837
22.099254,113.547252
33.022875,112.54698
23.146871,113.362121
29.323455,107.75759
-37.814844,144.969685
-31.837301,116.016533
-36.711207,142.203015
-32.891821,151.744469
-27.991308,153.42765
-36.993715,147.153001
-34.98098,138.511397
35.6697088,139.7678508
35.1089984,134.6773194
34.6901817,135.4876718
35.628456,134.799494
36.2352578,137.9716303
35.668392,139.746683
35.622199,139.737024
38.256486,140.876175
35.682575,139.769418
35.664664,139.743264
34.305525,134.059581
35.627121,139.419268
36.650228,139.869838
36.3439497,138.618486
35.939904,140.267455
35.627193,139.874327
36.698679,137.843297
35.248399,139.048509
42.862517,-106.333937
21.157922,-101.702344
44.86691,-87.370766
25.651756,-100.332504
38.407642,-75.058072
25.646082,-100.323325
34.507904,-117.325918
21.138419,-86.751583
19.432348,-99.154855
36.289051,136.363271
22.4369294,114.0235187
22.2702905,114.1499156
22.3242243,114.2162812
22.2808208,114.1671299
22.2657781,114.2371623
47.014967,8.478416
47.139467,10.276988
47.02686,8.402165
45.354344,11.773738
54.89086,10.411767
60.192494,24.87319
43.263387,6.619571
50.683042,-1.947168
43.47028,4.395165
68.233091,14.57081
53.996658,-1.540473
48.035015,7.276013
53.946741,14.181771
48.078444,14.16303
47.022146,4.835343
50.868763,5.835283
-33.729198,151.006807
-36.895306,149.91188
-36.984151,147.142488
-33.689115,151.223973
-42.105759,146.20613
-38.319666,144.714751
-43.009736,147.928558
-28.02718,153.433261
22.2803668,114.173916
41.101671,-72.364235
19.378452,-99.095325
20.702942,-103.376695
45.111542,-79.588614
30.66918,-81.458509
43.960275,-92.462611
22.396428,114.109497
25.0366383,121.5672355
55.565137,12.972442
45.877122,6.141676
57.482542,-4.300654
51.477586,-0.01415
43.492129,11.020761
62.693614,9.097844
46.566291,4.907598
47.675678,9.441441
52.102594,4.364455
46.588713,7.647231
43.916745,8.092214
46.948782,7.440818
47.996917,7.845582
46.745454,7.633642
47.383399,8.669285
42.797948,10.972883
53.547334,8.569261
47.40459,10.27102
46.92821,9.001811
50.117217,8.680027
45.457964,4.759859
43.19085,-0.217559
46.394001,6.570685
46.401781,6.589648
47.97867,16.848073
52.928395,-4.133445
51.771089,-4.4622
43.263301,3.319995
47.438377,8.565306
46.711608,9.54047
47.462162,11.184051
47.579826,7.596581
43.812623,7.76452
39.802505,2.6961
57.284642,10.936294
43.304449,5.481568
36.489508,-4.961662
55.060427,10.635765
47.473301,9.482706
46.186644,-1.317458
51.343066,12.374843
42.078425,-1.565845
44.193629,15.1523
51.955547,7.605631
42.569385,-2.614332
43.785636,4.84099
45.355518,14.326323
51.213402,3.225611
20.673442,-103.389257
38.091993,-84.484416
35.907631,-75.67063
44.416521,-118.95483
25.824902,-80.121682
39.39969,-123.349082
41.272616,-72.666102
38.478215,-122.437767
19.368394,-99.26119
26.198734,-98.260723
45.74431,-73.720322
30.149202,-96.386061
33.848991,-118.394897
21.0811,-86.77384
35.494925,-120.809002
38.43722,-122.402878
29.777438,-95.96685
29.017422,-80.917919
30.250091,-97.74843
40.579998,-122.39866
-35.28388,149.125867
-35.272771,149.133187
-24.884137,113.655063
22.3207755,114.2101545
41.663959,0.605371
-33.8459,151.06086
-36.414726,148.616647
-38.52209,145.314081
-38.504561,145.260004
-28.678802,153.610104
-37.871876,145.380626
41.817455,-88.350806
41.073579,-72.365503
19.402611,-99.098611
21.135493,-86.745043
33.532782,-117.073443
19.302242,-99.165809
25.68437,-100.269535
19.093911,-98.229423
44.2126626,-69.0633804
32.899809,-97.040335
45.155054,-87.169693
50.198227,-5.466627
50.365046,-4.128979
52.444504,-1.707021
47.56852,15.62037
43.567613,7.115916
60.803814,8.95448
46.358032,6.137442
47.02489,15.39883
53.323206,-3.823826
48.430031,13.185234
43.498051,16.53613
61.499683,9.788699
-36.40589,148.412427
-34.809082,150.637122
59.362053,18.186194
56.320419,-2.730775
66.808361,13.976009
57.97899,16.48303
56.784986,16.578056
50.351357,-5.009725
52.364325,9.747156
51.926518,-2.041776
42.645566,18.090182
50.85975,5.823513
47.874975,13.569726
48.918782,7.36506
50.580795,2.50888
46.624552,14.034304
48.497899,2.581907
51.257913,-2.425058
55.208725,9.993191
56.697811,-3.74045
52.426967,-1.575998
45.046196,6.306876
59.32437,8.496242
46.692025,12.367272
51.257236,-0.89615
45.883291,10.847261
50.776677,3.523109
46.396137,6.592777
51.315958,3.133723
39.630158,140.69971
46.395982,-70.495775
31.325581,-113.587146
20.768119,-105.536245
19.409975,-99.183838
25.65489,-100.292793
41.015218,-72.487361
16.856203,-99.866515
32.303684,-95.322739
33.042137,-96.830928
33.11674,-96.667297
21.038935,-86.781869
16.846089,-99.849758
19.423082,-99.174307
32.810335,-96.72919
28.926517,-81.99809
25.720793,-100.217109
20.653838,-103.391658
22.141222,113.5626
38.038172,-1.149343
40.722137,-73.956583
19.400285,-99.170907
35.601686,-82.549146
34.050528,-118.242649
37.198939,-112.989039
32.119874,-116.534579
45.109722,-72.859302
51.474985,-0.181761
52.657344,-0.668105
47.731545,12.661365
46.499257,9.841735
53.802178,-1.543019
46.493656,9.901616
52.966055,0.678897
51.169272,-0.005498
51.940126,-1.42165
49.749783,6.636676
52.25101,0.415356
49.614794,3.882369
60.840452,11.058006
43.547249,13.615222
46.403887,0.722677
52.368898,4.647904
51.221704,4.406746
40.858754,0.076443
58.855431,5.782825
51.301481,-0.489212
52.603618,-2.141018
52.680384,0.841876
49.589722,11.014821
49.935292,1.108794
51.961173,-0.2199
44.532405,14.455644
21.107154,-86.763134
33.213657,-87.571205
41.236834,-75.865035
34.09806,-118.368305
36.135775,-115.152429
19.431843,-99.193952
20.529239,-100.829879
39.394978,-74.686033
27.455597,-81.346906
42.986479,-72.656662
34.007114,-118.491534
40.970568,-73.877282
31.865384,-116.62923
20.568036,-105.251389
25.785577,-100.13555
20.642277,-105.235824
33.508891,-112.029064
20.673924,-100.453393
60.15643,24.92092
53.638007,11.626656
41.349488,1.666273
40.426818,-3.698358
60.467723,7.06805
45.849973,9.377061
55.523337,8.354164
45.763168,4.825844
52.542288,12.97722
52.050554,-1.782291
50.147491,-5.059909
50.500536,1.598194
48.782061,9.182821
49.401652,0.130697
59.091508,5.77773
44.272905,12.352879
37.965371,-0.733262
42.506722,1.532278
44.624175,7.939994
42.547718,-2.665256
43.246301,6.66302
-33.798486,151.183404
-25.159415,152.258312
-35.158203,147.459458
-41.57361,145.93515
-42.15219,145.32987
-42.13491,148.30221
-34.939172,138.536369
-37.824451,147.633664
41.653325,-72.912735
46.834145,-114.015778
38.698485,-109.397054
41.527452,2.310446
44.91742,4.885625
45.953504,6.901262
57.105339,12.249576
57.743942,11.946361
57.691701,11.909282
59.884266,12.302432
58.894391,17.552241
55.568417,13.187731
59.71563,17.8219
46.029011,9.099958
60.856877,6.491699
41.954009,3.124875
44.06729,12.581063
40.582393,0.556056
43.486355,11.372613
66.308743,14.139192
47.35993,10.177917
51.317404,9.415515
43.083706,11.422082
46.511286,6.628545
46.45853,6.847856
41.62165,-4.748479
47.26,11.414158
48.610895,-1.509526
41.819894,2.964825
48.138018,11.578803
42.80851,12.783611
45.55164,10.725531
59.130644,12.922126
50.337394,-4.739296
43.590842,6.731857
53.054727,-3.885812
52.431124,6.961855
59.205174,9.612234
41.410773,2.13634
41.18652,1.160087
45.053619,9.693341
60.06277,10.310288
47.863959,12.010617
60.535036,8.784465
46.139438,12.363752
51.042564,13.735285
47.479822,11.080188
-26.780682,152.834156
22.31443327,114.0442868
22.284204,114.217068
22.3212271,114.1662975
22.29132,114.204303
22.315149,114.171123
22.2801989,114.1859925
28.554271,-81.377852
34.283707,-118.781297
45.424749,-75.692212
46.787165,-71.353434
46.937564,-71.309059
46.328891,-72.564412
20.658631,-105.24936
46.734465,-72.43188
34.0153,-84.601344
18.606225,-99.287826
20.574125,-100.358653
20.094471,-98.758059
19.425059,-99.178321
40.371497,-105.524215
22.126663,-100.922004
35.46898,136.106851
-33.861384,151.06955
-36.445049,148.449746
-34.499128,150.481303
-37.813325,144.968236
-27.455075,153.014904
45.881885,10.853559
59.334951,18.074842
47.614037,10.633074
43.552738,10.911548
49.071026,3.883795
43.388638,5.796318
46.818214,8.424872
50.82435,-1.553656
40.626443,14.376149
39.17723834,-0.2426217052
47.403316,10.880963
43.70465,5.206219
46.558993,11.746734
41.790512,3.055764
54.370312,12.722908
42.275944,2.953234
47.383424,9.899281
47.643121,-2.898795
43.404036,6.170246
47.029663,8.421654
49.009556,8.386315
47.19229,4.624082
50.285269,12.23953
51.298779,6.722801
52.644923,12.401259
47.45766,10.990598
50.465112,5.831712
43.126262,6.194765
41.385704,2.157248
62.536592,7.730605
59.881016,10.786956
46.953047,7.449307
38.959537,-119.946952
48.041105,-122.410772
34.368889,-89.517896
43.2817015,-88.3939346
42.911924,-78.694689
40.770709,-73.991725
45.379995,-122.93619
28.86301,-96.988828
37.360511,-119.644104
36.211508,-119.323606
35.189909,-85.173093
38.744573,-120.718891
20.615346,-100.389272
22.149243,-100.953105
19.431708,-99.188316
45.200183,-72.787675
46.38054,-72.929968
30.400501,-86.597238
36.480776,-121.484144
46.348685,-72.436362
46.40343,-72.273695
40.365828,-74.94508
40.764423,-73.968865
40.764617,-73.969764
32.922242,-96.9759
51.08095,-113.995206
19.398895,-99.289123
45.263853,-71.995409
16.794313,-99.856011
33.59344,-117.867
20.704411,-103.397804
20.396336,-100.094445
21.070923,-101.597744
40.068001,-85.641126
29.793368,-95.729374
19.367878,-99.259444
-38.758797,143.670306
-32.53594,149.584216
-38.522528,145.392082
-23.522791,148.158158
-25.283167,152.880403
-38.147286,144.366238
-38.542664,143.974876
-31.940539,115.928605
-38.265713,144.663211
-17.929188,122.212169
29.954968,-90.070728
39.167011,-120.145385
31.775523,-116.615646
21.11051,-86.839967
39.252643,-84.388081
19.039036,-98.189511
44.844061,-87.398868
40.763981,-73.964368
40.770772,-73.981795
40.767615,-73.961509
40.784831,-73.982085
37.929206,-120.451752
19.098892,-98.234342
21.102948,-101.637287
28.538762,-81.378713
30.312387,-89.360806
50.114063,-122.957647
30.422853,-86.649728
26.332699,-81.803666
36.914545,-76.247689
48.865738,2.258439
52.931584,1.185421
46.48624,7.671394
46.175639,4.740607
50.053043,6.030075
50.844343,4.366451
54.381696,13.700084
55.823872,12.305142
47.766858,10.402295
52.900782,8.428778
48.58907,7.681508
47.248674,9.528942
50.235264,-3.768555
48.344815,16.463443
45.994637,8.945937
36.495434,-4.783951
43.02844,11.620396
45.467731,12.530674
47.072291,10.965781
48.822012,2.18289
51.508362,-0.023907
58.589777,16.190227
51.502018,-0.194711
45.437786,12.137098
46.730489,12.230035
52.217197,-1.260284
45.44083,12.143084
40.436415,-3.690211
46.915857,13.875192
50.921647,-1.210175
55.702401,9.439544
47.673438,12.023215
49.003144,2.520384
58.249247,11.456775
-32.701437,152.062622
-33.850162,151.218479
-35.307587,149.134475
-32.756038,151.299431
-36.675301,146.888984
-27.924546,153.371458
25.0366028,121.567225
25.080778,121.559294
34.878621,-83.398133
38.864719,-77.857351
34.69077,-77.067127
28.456605,-81.463069
28.388631,-81.481636
28.4394,-81.47288
45.05711,-87.278344
28.354639,-81.534005
39.489072,-119.721279
27.460599,-81.43122
39.284602,-76.61595
39.925968,-75.351941
28.008119,-82.301067
26.461198,-80.061232
19.043077,-98.236273
21.033887,-86.789182
38.620343,-122.593546
35.01584,-77.009037
33.448829,-111.988517
46.115902,-74.592576
40.684583,-111.554641
47.190028,-70.736123
34.714206,-92.221999
45.516388,-73.560316
-28.791771,114.610328
49.395976,-123.204545
30.392202,-97.750038
45.178629,-113.898431
41.526824,-74.236306
19.37479,-99.178175
44.805383,-79.717652
37.390939,-121.974647
32.823905,-117.154736
38.384568,-86.924238
35.952404,-86.813731
39.60151,-75.943346
26.141821,-81.797888
19.52477,-99.227632
37.705524,-83.658759
34.866382,-84.325454
25.936585,-80.120749
48.010539,-122.534798
19.538393,-99.206688
19.439398,-99.20019
41.099178,-75.392559
21.137013,-86.827448
25.657484,-100.389138
44.287843,-69.837399
-27.565152,151.945671
-27.656361,153.171528
51.50497,-0.151181
37.172496,-3.603465
43.518966,5.441773
44.814721,10.316646
47.772838,13.069581
47.502436,16.195295
43.332648,-1.8168
42.645208,-6.70519
51.58669,-0.441616
51.59881,10.548958
36.70023,-4.439113
43.727433,4.709419
46.170319,9.870081
53.404345,12.283725
49.085857,7.489928
59.439796,10.780436
48.068917,2.774028
51.455099,-2.259527
54.47874,-1.544861
50.823201,-1.571568
50.818394,-1.451415
51.521862,-0.140954
51.658417,-0.395483
47.668576,11.195136
51.8971,-2.080145
51.905982,-2.070301
47.233818,11.882926
44.597752,10.862293
46.46555,-0.791328
47.526991,11.707354
49.84529,3.276931
42.508714,1.534675
37.391986,-5.986184
48.463278,7.423684
51.377801,3.386208
48.451092,1.529764
47.284138,8.225769
47.053343,10.623384
51.219434,4.396362
51.295475,8.607437
47.797762,12.591311
45.519415,8.927393
45.450093,9.194012
51.294842,8.606253
59.655074,12.593111
52.339949,-1.527122
51.487368,-0.253083
-36.888279,147.064986
-36.093245,140.34949
-33.795489,151.139653
41.049684,-73.857388
20.698506,-103.386083
43.463396,-80.528903
43.13755,-77.615609
38.470596,-122.429101
33.488111,-86.774103
25.647984,-100.355954
33.758431,-84.387067
35.596138,-82.559747
46.093825,-85.449722
35.646657,-120.671627
43.431633,-80.438145
35.051119,-85.311229
45.107036,-72.614702
-35.30038,149.190198
-30.0882,145.933892
-37.211945,145.907617
-36.352968,145.72574
-27.473983,153.036461
-33.871961,151.208024
-32.123013,133.684719
-23.288402,150.511779
-27.564797,151.945992
-31.972741,115.79087
-32.72775,151.260612
41.016398,-71.991389
43.81886,-69.604056
41.48793,-71.313498
39.669837,-95.639144
51.180655,-115.569227
43.084215,-79.06306
25.655413,-100.361534
33.655156,-117.999073
35.566805,-82.544006
37.199367,-80.401037
27.452122,-81.359042
29.302678,-94.809501
33.703455,-116.293031
44.906603,-91.928661
33.757146,-118.19861
45.428841,-74.334031
43.161344,-79.162755
45.581242,-73.882885
20.647339,-100.433201
46.0679132,-118.3408991
36.2070886,-81.7715921
34.015369,-118.499111
33.779853,-84.380573
30.357106,-97.74863
37.933296,-107.851414
29.579073,-95.383683
42.334265,-83.045959
19.342994,-99.149345
35.164407,-120.689728
34.869234,-111.759369
33.306318,-111.841099
41.015286,-73.634755
34.852782,-111.825062
39.958739,-104.99283
34.511439,-110.078235
45.617271,-73.594169
39.524659,-119.765561
33.762053,-84.395873
22.2987652,114.1747479
35.669955,139.731734
36.778922,138.529259
25.0015139,121.4930103
41.118053,9.535408
45.561656,8.055856
43.34095,-7.15912
60.316395,24.964059
49.407005,8.691874
50.907714,6.808981
45.513811,9.11971
43.289603,-1.361926
50.970619,2.422427
60.861559,8.490806
56.13954,9.15545
45.460171,9.191226
45.462322,9.189983
46.769595,9.057944
41.823713,12.474766
63.192896,14.487094
47.775341,9.76604
45.606683,7.355555
51.005166,9.733827
53.796981,-0.450486
61.882858,8.26967
48.140056,11.601334
46.900929,11.05116
47.410677,8.543529
52.509837,13.346194
47.472516,11.213523
47.293636,13.456805
45.459336,9.196844
46.719142,11.653697
52.031714,-0.27668
44.512571,11.359035
45.72456,4.977139
48.971523,4.004511
63.110124,7.731418
48.657144,-2.001313
47.210093,10.138742
48.433605,15.120064
47.440839,12.714732
51.255561,7.151683
51.233083,6.778131
47.287468,12.484607
47.00135,12.538863
50.996887,9.734771
52.277317,8.041082
46.664783,11.176961
55.606843,11.947801
54.310633,10.797778
48.874935,10.723653
47.515449,12.111972
49.448355,11.069475
58.708548,16.792012
46.570439,11.670629
50.880205,9.855442
46.729598,12.327631
51.381558,-2.806812
53.476313,-2.49642
51.381069,-2.808293
55.309709,10.81619
47.449866,12.243646
47.163107,11.744608
46.989414,1.207274
45.534511,9.123954
49.285889,4.03038
45.728126,7.320089
46.797533,9.834936
60.27894,24.499499
46.386233,11.521209
59.333016,18.111341
54.935974,8.319614
49.590162,0.799083
51.590075,10.999256
54.741022,9.878895
47.399939,15.158558
55.950206,8.880079
48.152605,11.598778
50.465437,4.41777
52.233414,5.878242
46.454106,7.436577
55.044064,10.578424
58.064302,11.80773
55.196664,9.991377
61.193207,14.531308
45.503133,11.437635
48.148111,11.465426
46.826605,9.286689
47.31419,8.796907
46.478503,14.591805
47.514702,12.109403
53.082132,9.99761
48.109113,-1.400755
47.369319,11.162628
57.086968,9.872268
46.943732,10.359798
48.01517,9.501203
46.619033,8.005503
46.86516,11.309547
46.527668,11.40553
46.474658,11.74291
47.544327,9.682278
37.296681,-121.853109
40.779876,-73.958579
39.007208,-94.534048
20.769072,-86.965673
46.089295,-64.773635
19.412745,-99.16511
31.964578,-116.655959
34.41832,-119.671381
31.447475,-83.534205
20.766747,-86.955467
20.583605,-100.407426
32.094447,-116.58747
45.041017,-87.29814
34.050184,-118.257063
41.925679,-73.912666
26.48559,-82.008584
36.139501,-81.673121
20.525871,-103.299674
38.269916,-85.748303
33.955608,-116.482326
40.744916,-73.980228
40.736293,-73.991939
40.768283,-73.961149
40.76332,-73.962938
21.875751,-102.303819
21.848414,-102.293171
38.366659,-122.52871
32.666651,-115.46488
18.935938,-99.201404
22.376614,114.182037
-37.809325,144.773898
-36.730046,146.956771
-36.736258,146.965351
-37.816095,144.9547
-16.50993,145.46267
-42.507609,147.914925
-32.783359,151.300403
-36.052116,146.455975
-36.726842,144.313995
-27.768979,153.251938
-35.247153,138.542882
-27.533552,152.968652
-29.694221,152.937853
51.923506,4.47707
34.53318,-83.986424
28.056981,-97.041521
40.77735,-73.958352
41.704102,-85.021923
38.807129,-77.059363
39.093147,-84.498185
40.046585,-75.413798
42.401672,-76.502904
45.304932,-72.63798
41.760295,-88.308792
32.645459,-115.469485
22.127037,-101.030066
32.782947,-79.932288
26.138358,-97.170299